32 128
0 1 2 3 4 5 6 7 8 9 10 11 12 13 14 15 16 17 18 19 20 21 22 23 24 25 26 27 28 29 30 31 32 33 34 35 36 37 38 39 40 41 42 43 44 45 46 47 48 49 50 51 52 53 54 55 56 57 58 59 60 61 62 63 64 65 66 67 68 69 70 71 72 73 74 75 76 77 78 79 80 81 82 83 84 85 86 87 88 89 90 91 92 93 94 95 96 97 98 99 100 101 102 103 104 105 106 107 108 109 110 111 112 113 114 115 116 117 118 119 120 121 122 123 124 125 126 127
40 89 118 7 4 117 90 43 0 113 94 47 44 93 114 3 120 9 38 87 84 37 10 123 80 33 14 127 124 13 34 83 8 121 86 39 36 85 122 11 32 81 126 15 12 125 82 35 88 41 6 119 116 5 42 91 112 1 46 95 92 45 2 115 104 25 54 71 68 53 26 107 64 49 30 111 108 29 50 67 56 73 102 23 20 101 74 59 16 97 78 63 60 77 98 19 72 57 22 103 100 21 58 75 96 17 62 79 76 61 18 99 24 105 70 55 52 69 106 27 48 65 110 31 28 109 66 51
53 80 107 14 33 68 127 26 93 56 3 102 73 44 23 114 101 0 59 94 113 20 47 74 13 104 83 54 25 124 71 34 85 48 11 110 65 36 31 122 61 88 99 6 41 76 119 18 5 96 91 62 17 116 79 42 109 8 51 86 121 28 39 66 117 16 43 78 97 4 63 90 29 120 67 38 9 108 87 50 37 64 123 30 49 84 111 10 77 40 19 118 89 60 7 98 21 112 75 46 1 100 95 58 125 24 35 70 105 12 55 82 69 32 27 126 81 52 15 106 45 72 115 22 57 92 103 2
47 16 61 2 27 36 9 54 7 56 21 42 51 12 33 30 63 0 45 18 11 52 25 38 23 40 5 58 35 28 49 14 79 112 93 98 123 68 105 86 103 88 117 74 83 108 65 126 95 96 77 114 107 84 121 70 119 72 101 90 67 124 81 110 111 80 125 66 91 100 73 118 71 120 85 106 115 76 97 94 127 64 109 82 75 116 89 102 87 104 69 122 99 92 113 78 15 48 29 34 59 4 41 22 39 24 53 10 19 44 1 62 31 32 13 50 43 20 57 6 55 8 37 26 3 60 17 46
40 21 50 15 28 33 6 59 16 45 10 55 36 25 62 3 120 69 98 95 76 113 86 107 64 125 90 103 116 73 110 83 8 53 18 47 60 1 38 27 48 13 42 23 4 57 30 35 88 101 66 127 108 81 118 75 96 93 122 71 84 105 78 115 104 85 114 79 92 97 70 123 80 109 74 119 100 89 126 67 56 5 34 31 12 49 22 43 0 61 26 39 52 9 46 19 72 117 82 111 124 65 102 91 112 77 106 87 68 121 94 99 24 37 2 63 44 17 54 11 32 29 58 7 20 41 14 51
85 62 127 20 97 10 75 32 61 86 23 124 9 98 35 72 37 78 15 100 17 122 59 80 77 38 103 12 121 18 83 56 53 94 31 116 1 106 43 64 93 54 119 28 105 2 67 40 69 46 111 4 113 26 91 48 45 70 7 108 25 114 51 88 21 126 63 84 33 74 11 96 125 22 87 60 73 34 99 8 101 14 79 36 81 58 123 16 13 102 39 76 57 82 19 120 117 30 95 52 65 42 107 0 29 118 55 92 41 66 3 104 5 110 47 68 49 90 27 112 109 6 71 44 89 50 115 24
89 48 75 34 13 100 31 118 113 24 99 10 37 76 55 94 105 0 123 18 61 84 47 70 65 40 83 58 21 124 7 110 121 16 107 2 45 68 63 86 81 56 67 42 5 108 23 126 73 32 91 50 29 116 15 102 97 8 115 26 53 92 39 78 25 112 11 98 77 36 95 54 49 88 35 74 101 12 119 30 41 64 59 82 125 20 111 6 1 104 19 122 85 60 71 46 57 80 43 66 109 4 127 22 17 120 3 106 69 44 87 62 9 96 27 114 93 52 79 38 33 72 51 90 117 28 103 14
71 36 69 38 27 120 25 122 47 76 45 78 115 16 113 18 23 116 21 118 75 40 73 42 127 28 125 30 35 64 33 66 103 4 101 6 59 88 57 90 15 108 13 110 83 48 81 50 55 84 53 86 107 8 105 10 95 60 93 62 3 96 1 98 7 100 5 102 91 56 89 58 111 12 109 14 51 80 49 82 87 52 85 54 11 104 9 106 63 92 61 94 99 0 97 2 39 68 37 70 123 24 121 26 79 44 77 46 19 112 17 114 119 20 117 22 43 72 41 74 31 124 29 126 67 32 65 34
43 62 53 32 127 106 97 116 99 118 125 104 55 34 41 60 123 110 101 112 47 58 49 36 51 38 45 56 103 114 121 108 75 94 85 64 31 10 1 20 3 22 29 8 87 66 73 92 27 14 5 16 79 90 81 68 83 70 77 88 7 18 25 12 107 126 117 96 63 42 33 52 35 54 61 40 119 98 105 124 59 46 37 48 111 122 113 100 115 102 109 120 39 50 57 44 11 30 21 0 95 74 65 84 67 86 93 72 23 2 9 28 91 78 69 80 15 26 17 4 19 6 13 24 71 82 89 76
34 79 96 13 62 83 124 17 106 7 40 69 118 27 52 89 82 63 16 125 78 35 12 97 26 119 88 53 6 107 68 41 2 111 64 45 30 115 92 49 74 39 8 101 86 59 20 121 114 31 48 93 110 3 44 65 58 87 120 21 38 75 100 9 98 15 32 77 126 19 60 81 42 71 104 5 54 91 116 25 18 127 80 61 14 99 76 33 90 55 24 117 70 43 4 105 66 47 0 109 94 51 28 113 10 103 72 37 22 123 84 57 50 95 112 29 46 67 108 1 122 23 56 85 102 11 36 73
124 37 30 71 88 1 58 99 84 13 54 111 112 41 18 75 12 85 110 55 40 113 74 19 36 125 70 31 0 89 98 59 92 5 62 103 120 33 26 67 116 45 22 79 80 9 50 107 44 117 78 23 8 81 106 51 4 93 102 63 32 121 66 27 60 101 94 7 24 65 122 35 20 77 118 47 48 105 82 11 76 21 46 119 104 49 10 83 100 61 6 95 64 25 34 123 28 69 126 39 56 97 90 3 52 109 86 15 16 73 114 43 108 53 14 87 72 17 42 115 68 29 38 127 96 57 2 91
90 97 16 43 78 117 4 63 34 25 104 83 54 13 124 71 74 113 0 59 94 101 20 47 50 9 120 67 38 29 108 87 58 1 112 75 46 21 100 95 66 121 8 51 86 109 28 39 42 17 96 91 62 5 116 79 82 105 24 35 70 125 12 55 26 33 80 107 14 53 68 127 98 89 40 19 118 77 60 7 10 49 64 123 30 37 84 111 114 73 56 3 102 93 44 23 122 65 48 11 110 85 36 31 2 57 72 115 22 45 92 103 106 81 32 27 126 69 52 15 18 41 88 99 6 61 76 119
9 12 39 34 13 8 35 38 97 100 79 74 101 96 75 78 89 92 119 114 93 88 115 118 49 52 31 26 53 48 27 30 105 108 71 66 109 104 67 70 1 4 47 42 5 0 43 46 57 60 23 18 61 56 19 22 81 84 127 122 85 80 123 126 73 76 103 98 77 72 99 102 33 36 15 10 37 32 11 14 25 28 55 50 29 24 51 54 113 116 95 90 117 112 91 94 41 44 7 2 45 40 3 6 65 68 111 106 69 64 107 110 121 124 87 82 125 120 83 86 17 20 63 58 21 16 59 62
111 70 105 64 99 74 101 76 7 46 1 40 11 34 13 36 95 118 89 112 83 122 85 124 55 30 49 24 59 18 61 20 15 38 9 32 3 42 5 44 103 78 97 72 107 66 109 68 63 22 57 16 51 26 53 28 87 126 81 120 91 114 93 116 47 6 41 0 35 10 37 12 71 110 65 104 75 98 77 100 31 54 25 48 19 58 21 60 119 94 113 88 123 82 125 84 79 102 73 96 67 106 69 108 39 14 33 8 43 2 45 4 127 86 121 80 115 90 117 92 23 62 17 56 27 50 29 52
115 118 77 72 87 82 105 108 27 30 37 32 63 58 1 4 67 70 125 120 103 98 89 92 43 46 21 16 15 10 49 52 83 86 109 104 119 114 73 76 59 62 5 0 31 26 33 36 99 102 93 88 71 66 121 124 11 14 53 48 47 42 17 20 51 54 13 8 23 18 41 44 91 94 101 96 127 122 65 68 3 6 61 56 39 34 25 28 107 110 85 80 79 74 113 116 19 22 45 40 55 50 9 12 123 126 69 64 95 90 97 100 35 38 29 24 7 2 57 60 75 78 117 112 111 106 81 84
115 30 69 40 87 58 97 12 27 118 45 64 63 82 9 100 99 14 85 56 71 42 113 28 11 102 61 80 47 66 25 116 83 62 101 8 119 26 65 44 59 86 13 96 31 114 41 68 67 46 117 24 103 10 81 60 43 70 29 112 15 98 57 84 51 94 5 104 23 122 33 76 91 54 109 0 127 18 73 36 35 78 21 120 7 106 49 92 75 38 125 16 111 2 89 52 19 126 37 72 55 90 1 108 123 22 77 32 95 50 105 4 3 110 53 88 39 74 17 124 107 6 93 48 79 34 121 20
54 5 124 79 82 97 24 43 30 45 84 103 122 73 48 3 70 117 12 63 34 17 104 91 110 93 36 23 10 57 64 115 22 37 92 111 114 65 56 11 62 13 116 71 90 105 16 35 102 85 44 31 2 49 72 123 78 125 4 55 42 25 96 83 118 69 60 15 18 33 88 107 94 109 20 39 58 9 112 67 6 53 76 127 98 81 40 27 46 29 100 87 74 121 0 51 86 101 28 47 50 1 120 75 126 77 52 7 26 41 80 99 38 21 108 95 66 113 8 59 14 61 68 119 106 89 32 19
20 127 70 45 16 123 66 41 124 23 46 69 120 19 42 65 100 15 54 93 96 11 50 89 12 103 94 53 8 99 90 49 116 31 38 77 112 27 34 73 28 119 78 37 24 115 74 33 4 111 86 61 0 107 82 57 108 7 62 85 104 3 58 81 84 63 6 109 80 59 2 105 60 87 110 5 56 83 106 1 36 79 118 29 32 75 114 25 76 39 30 117 72 35 26 113 52 95 102 13 48 91 98 9 92 55 14 101 88 51 10 97 68 47 22 125 64 43 18 121 44 71 126 21 40 67 122 17
105 56 63 110 21 68 67 18 17 64 71 22 109 60 59 106 89 8 15 94 37 116 115 34 33 112 119 38 93 12 11 90 9 88 95 14 117 36 35 114 113 32 39 118 13 92 91 10 57 104 111 62 69 20 19 66 65 16 23 70 61 108 107 58 41 120 127 46 85 4 3 82 81 0 7 86 45 124 123 42 25 72 79 30 101 52 51 98 97 48 55 102 29 76 75 26 73 24 31 78 53 100 99 50 49 96 103 54 77 28 27 74 121 40 47 126 5 84 83 2 1 80 87 6 125 44 43 122
94 13 96 51 10 89 52 103 38 117 24 75 114 33 76 31 78 29 112 35 26 73 36 119 54 101 8 91 98 49 92 15 126 45 64 19 42 121 20 71 6 85 56 107 82 1 108 63 110 61 80 3 58 105 4 87 22 69 40 123 66 17 124 47 30 77 32 115 74 25 116 39 102 53 88 11 50 97 12 95 14 93 48 99 90 9 100 55 118 37 72 27 34 113 28 79 62 109 0 83 106 57 84 7 70 21 120 43 18 65 44 127 46 125 16 67 122 41 68 23 86 5 104 59 2 81 60 111
102 105 20 27 42 37 88 87 62 49 76 67 114 125 0 15 118 121 4 11 58 53 72 71 46 33 92 83 98 109 16 31 70 73 52 59 10 5 120 119 30 17 108 99 82 93 32 47 86 89 36 43 26 21 104 103 14 1 124 115 66 77 48 63 38 41 84 91 106 101 24 23 126 113 12 3 50 61 64 79 54 57 68 75 122 117 8 7 110 97 28 19 34 45 80 95 6 9 116 123 74 69 56 55 94 81 44 35 18 29 96 111 22 25 100 107 90 85 40 39 78 65 60 51 2 13 112 127
104 81 22 47 44 21 82 107 16 41 110 87 84 109 42 19 120 65 6 63 60 5 66 123 0 57 126 71 68 125 58 3 8 49 118 79 76 117 50 11 112 73 14 55 52 13 74 115 24 33 102 95 92 101 34 27 96 89 30 39 36 29 90 99 40 17 86 111 108 85 18 43 80 105 46 23 20 45 106 83 56 1 70 127 124 69 2 59 64 121 62 7 4 61 122 67 72 113 54 15 12 53 114 75 48 9 78 119 116 77 10 51 88 97 38 31 28 37 98 91 32 25 94 103 100 93 26 35
120 1 50 75 116 13 62 71 112 9 58 67 124 5 54 79 72 49 2 123 68 61 14 119 64 57 10 115 76 53 6 127 88 33 18 107 84 45 30 103 80 41 26 99 92 37 22 111 104 17 34 91 100 29 46 87 96 25 42 83 108 21 38 95 56 65 114 11 52 77 126 7 48 73 122 3 60 69 118 15 8 113 66 59 4 125 78 55 0 121 74 51 12 117 70 63 24 97 82 43 20 109 94 39 16 105 90 35 28 101 86 47 40 81 98 27 36 93 110 23 32 89 106 19 44 85 102 31
96 113 58 43 20 5 78 95 8 25 82 67 124 109 38 55 16 1 74 91 100 117 62 47 120 105 34 51 12 29 86 71 64 81 26 11 52 37 110 127 40 57 114 99 92 77 6 23 48 33 106 123 68 85 30 15 88 73 2 19 44 61 118 103 32 49 122 107 84 69 14 31 72 89 18 3 60 45 102 119 80 65 10 27 36 53 126 111 56 41 98 115 76 93 22 7 0 17 90 75 116 101 46 63 104 121 50 35 28 13 70 87 112 97 42 59 4 21 94 79 24 9 66 83 108 125 54 39
10 69 104 39 62 113 92 19 2 77 96 47 54 121 84 27 26 85 120 55 46 97 76 3 18 93 112 63 38 105 68 11 42 101 72 7 30 81 124 51 34 109 64 15 22 89 116 59 58 117 88 23 14 65 108 35 50 125 80 31 6 73 100 43 74 5 40 103 126 49 28 83 66 13 32 111 118 57 20 91 90 21 56 119 110 33 12 67 82 29 48 127 102 41 4 75 106 37 8 71 94 17 60 115 98 45 0 79 86 25 52 123 122 53 24 87 78 1 44 99 114 61 16 95 70 9 36 107
5 22 91 72 89 74 7 20 45 62 115 96 113 98 47 60 117 102 43 56 41 58 119 100 93 78 3 16 1 18 95 76 37 54 123 104 121 106 39 52 13 30 83 64 81 66 15 28 85 70 11 24 9 26 87 68 125 110 35 48 33 50 127 108 69 86 27 8 25 10 71 84 109 126 51 32 49 34 111 124 53 38 107 120 105 122 55 36 29 14 67 80 65 82 31 12 101 118 59 40 57 42 103 116 77 94 19 0 17 2 79 92 21 6 75 88 73 90 23 4 61 46 99 112 97 114 63 44
106 63 104 61 22 67 20 65 98 55 96 53 30 75 28 73 26 79 24 77 102 51 100 49 18 71 16 69 110 59 108 57 10 95 8 93 118 35 116 33 2 87 0 85 126 43 124 41 122 47 120 45 6 83 4 81 114 39 112 37 14 91 12 89 42 127 40 125 86 3 84 1 34 119 32 117 94 11 92 9 90 15 88 13 38 115 36 113 82 7 80 5 46 123 44 121 74 31 72 29 54 99 52 97 66 23 64 21 62 107 60 105 58 111 56 109 70 19 68 17 50 103 48 101 78 27 76 25
27 110 53 64 127 10 81 36 3 118 45 88 103 18 73 60 11 126 37 80 111 26 65 52 19 102 61 72 119 2 89 44 123 14 85 32 31 106 49 68 99 22 77 56 7 114 41 92 107 30 69 48 15 122 33 84 115 6 93 40 23 98 57 76 91 46 117 0 63 74 17 100 67 54 109 24 39 82 9 124 75 62 101 16 47 90 1 116 83 38 125 8 55 66 25 108 59 78 21 96 95 42 113 4 35 86 13 120 71 50 105 28 43 94 5 112 79 58 97 20 51 70 29 104 87 34 121 12
97 124 63 34 29 0 67 94 9 20 87 74 117 104 43 54 17 12 79 82 109 112 51 46 121 100 39 58 5 24 91 70 1 28 95 66 125 96 35 62 105 116 55 42 21 8 75 86 113 108 47 50 13 16 83 78 25 4 71 90 101 120 59 38 33 60 127 98 93 64 3 30 73 84 23 10 53 40 107 118 81 76 15 18 45 48 115 110 57 36 103 122 69 88 27 6 65 92 31 2 61 32 99 126 41 52 119 106 85 72 11 22 49 44 111 114 77 80 19 14 89 68 7 26 37 56 123 102
2 31 124 97 14 19 112 109 10 23 116 105 6 27 120 101 82 79 44 49 94 67 32 61 90 71 36 57 86 75 40 53 34 63 92 65 46 51 80 77 42 55 84 73 38 59 88 69 114 111 12 17 126 99 0 29 122 103 4 25 118 107 8 21 66 95 60 33 78 83 48 45 74 87 52 41 70 91 56 37 18 15 108 113 30 3 96 125 26 7 100 121 22 11 104 117 98 127 28 1 110 115 16 13 106 119 20 9 102 123 24 5 50 47 76 81 62 35 64 93 58 39 68 89 54 43 72 85
54 93 72 35 50 89 76 39 14 101 112 27 10 97 116 31 102 13 24 115 98 9 28 119 94 53 32 75 90 49 36 79 86 61 40 67 82 57 44 71 110 5 16 123 106 1 20 127 6 109 120 19 2 105 124 23 62 85 64 43 58 81 68 47 118 29 8 99 114 25 12 103 78 37 48 91 74 33 52 95 38 77 88 51 34 73 92 55 30 117 96 11 26 113 100 15 22 125 104 3 18 121 108 7 46 69 80 59 42 65 84 63 70 45 56 83 66 41 60 87 126 21 0 107 122 17 4 111
7 50 125 72 27 46 97 84 127 74 5 48 99 86 25 44 23 34 109 88 11 62 113 68 111 90 21 32 115 70 9 60 103 82 29 40 123 78 1 52 31 42 101 80 3 54 121 76 119 66 13 56 107 94 17 36 15 58 117 64 19 38 105 92 71 114 61 8 91 110 33 20 63 10 69 112 35 22 89 108 87 98 45 24 75 126 49 4 47 26 85 96 51 6 73 124 39 18 93 104 59 14 65 116 95 106 37 16 67 118 57 12 55 2 77 120 43 30 81 100 79 122 53 0 83 102 41 28
