input_dim 21
hidden 32
M 16
branch_onehot 1
direction_largest 1
mean 21
1.0 0.31619566679000854 0.0 0.31619566679000854 0.31619566679000854 0.0625 0.0625 0.0625 0.0625 0.0625 0.0625 0.0625 0.0625 0.0625 0.0625 0.0625 0.0625 0.0625 0.0625 0.0625 0.0625
std 21
1.0 0.29572561383247375 1.0 0.29572561383247375 0.29572561383247375 0.24206146597862244 0.24206146597862244 0.24206146597862244 0.24206146597862244 0.24206146597862244 0.24206146597862244 0.24206146597862244 0.24206146597862244 0.24206146597862244 0.24206146597862244 0.24206146597862244 0.24206146597862244 0.24206146597862244 0.24206146597862244 0.24206146597862244 0.24206146597862244
W1 672
3.0775895755010123e-19 -0.06962090730667114 -7.914332579189973e-18 -0.17367155849933624 -0.18273723125457764 0.11106386035680771 0.19994789361953735 -0.07904718071222305 -0.027005186304450035 -0.036826442927122116 0.024541771039366722 -0.04416286200284958 0.18316470086574554 -0.12711656093597412 0.20308229327201843 0.07907061278820038 -0.07127266377210617 0.0716407299041748 0.04245201125741005 -0.06834482401609421 0.14542090892791748 1.9038264901428602e-19 -0.08754467964172363 -6.018094385492733e-21 -0.14444272220134735 0.04194945469498634 0.20543637871742249 -0.10930493474006653 -0.08274585008621216 -0.12158069014549255 -0.1306225210428238 0.1696571707725525 0.14997173845767975 0.2161177545785904 -0.15396326780319214 0.11844801157712936 -0.24322254955768585 0.13818714022636414 -0.20701809227466583 0.14046119153499603 0.11089269816875458 -0.2163207232952118 -2.7788237275672145e-05 0.09648484736680984 8.62677552504465e-06 -0.06922490149736404 0.03775729611515999 -0.15099136531352997 -0.06425406783819199 0.11310221254825592 -0.015512175858020782 0.1388918161392212 0.246425598859787 0.09204564988613129 -0.046712059527635574 0.0937320664525032 0.00013710792700294405 0.2507950961589813 -0.11320176720619202 0.0970555990934372 -0.04698345437645912 0.1762809157371521 0.07845160365104675 1.4955720158051962e-19 -0.1090661957859993 1.304011675529182e-06 -0.14767099916934967 -0.2814280688762665 0.05365820229053497 -0.08359124511480331 0.07649440318346024 0.09237121045589447 -0.11264841258525848 0.21012109518051147 -0.08875688165426254 -0.0804700031876564 -0.1558174192905426 -0.05186353996396065 -0.13793013989925385 0.16843494772911072 -0.12353037297725677 -0.21179568767547607 -0.11786621063947678 -0.09217483550310135 -4.171128962741015e-18 -0.22247660160064697 -4.508384213133441e-16 -0.064285509288311 -0.03045395202934742 -0.21008999645709991 -0.20695734024047852 0.028900926932692528 -0.0669754296541214 0.07087378203868866 -0.18887224793434143 0.24168768525123596 -0.13839082419872284 -0.24704869091510773 -0.2462080717086792 0.1763358861207962 0.13235041499137878 0.05362769216299057 0.08782299607992172 0.18787099421024323 0.15786390006542206 -8.562235054711327e-20 -0.06347458064556122 -1.0209258789473097e-06 -0.07705973088741302 0.11261710524559021 -0.1575605571269989 0.06571806967258453 0.15539252758026123 -0.06488873809576035 0.1363479048013687 -0.010400812141597271 -0.03853553161025047 0.17217516899108887 0.2435692846775055 0.149258553981781 0.20727106928825378 0.11661304533481598 -0.17570337653160095 -0.2018677294254303 -0.030105289071798325 -0.010576684959232807 3.886420220140317e-20 -0.2185245007276535 -1.745003646647092e-05 0.1655420958995819 0.07965826988220215 -0.21957634389400482 0.2067990005016327 0.20981518924236298 0.17002278566360474 -0.14663197100162506 -0.16181445121765137 -0.17681673169136047 -0.1968805193901062 -0.08164562284946442 0.16367608308792114 -0.07049103081226349 -0.15770889818668365 0.19678018987178802 -0.14148063957691193 0.12601478397846222 0.18840999901294708 -2.034697565989063e-08 0.03558134660124779 6.84283176501022e-18 0.10198747366666794 0.011067208833992481 0.028822889551520348 0.20707233250141144 -0.1469109058380127 -0.17601627111434937 0.21140047907829285 0.19334156811237335 0.1681738644838333 -0.16467821598052979 0.0824258103966713 0.17102152109146118 -0.13986626267433167 -0.16556107997894287 -0.11032228916883469 -0.21840645372867584 0.12139429152011871 -0.1333962231874466 1.2126565376857634e-11 -0.18092995882034302 1.9303627141198376e-06 -0.12978240847587585 0.11189703643321991 0.09012012928724289 0.18494684994220734 -0.12583217024803162 0.14825263619422913 0.11950703710317612 0.20618538558483124 -0.18123404681682587 0.23261629045009613 -0.2609269917011261 -0.08794340491294861 -0.2865138649940491 -0.24936829507350922 0.09377391636371613 -0.20308174192905426 -0.10723502933979034 0.20423099398612976 -4.647228635823914e-20 -0.08963591605424881 1.6003467281530367e-16 -0.18304164707660675 -0.1456376314163208 -0.0967312753200531 -0.26999133825302124 0.12475194036960602 -0.2052932232618332 0.13543003797531128 0.11506132036447525 -0.2658865749835968 -0.06015254929661751 0.2182454615831375 0.03738117590546608 0.2360631823539734 0.0001469260168960318 -0.14985564351081848 -0.1374783217906952 0.05279280245304108 0.19294415414333344 -1.7880931409308687e-05 0.13298384845256805 1.5903285121438354e-17 -0.21545341610908508 -0.17562755942344666 0.08965177088975906 -0.23832756280899048 -0.1571035236120224 0.1879199743270874 0.1862175017595291 -0.09478660672903061 0.20692399144172668 -0.17318640649318695 0.17060929536819458 -0.2275204211473465 0.22890032827854156 -0.22477640211582184 -0.2624267041683197 0.2079504281282425 -0.2285565733909607 -0.26701149344444275 1.630098495297716e-06 -0.22689400613307953 2.188962566762598e-09 0.04859745502471924 0.021281477063894272 0.1169162392616272 0.07513867318630219 -0.12604957818984985 0.20065228641033173 0.05430993437767029 -0.24657969176769257 0.16048263013362885 0.17656606435775757 0.05472276359796524 0.132343128323555 0.13442473113536835 -0.1961757242679596 0.14884743094444275 -0.14568863809108734 -0.15263941884040833 -0.24737341701984406 3.0484749004244804e-05 -0.22771228849887848 3.3815362644030098e-18 0.09549037367105484 0.021336162462830544 -0.07122951745986938 -0.252251535654068 -0.22073866426944733 -0.030985986813902855 0.08936312049627304 0.05857957899570465 -0.16323739290237427 -0.25801587104797363 0.14021103084087372 0.09008745849132538 -0.2875441014766693 0.17522311210632324 0.051768358796834946 0.16614358127117157 -0.23154222965240479 0.16255389153957367 1.6454875151339365e-07 0.15905074775218964 2.9205219220784784e-07 -0.08896055817604065 -0.01667030341923237 0.07349484413862228 0.2442779541015625 -0.1302655190229416 -0.10100090503692627 -0.20950114727020264 -0.15392202138900757 0.10651663690805435 0.0990346148610115 0.11534272879362106 -0.10221711546182632 -0.2570360600948334 0.0988641157746315 0.2648968994617462 0.14623034000396729 -0.26346492767333984 -0.23838476836681366 -7.887464903433283e-09 -0.17403146624565125 2.5843805710063707e-17 -0.17844514548778534 0.1547192484140396 0.19590267539024353 0.12165267765522003 0.3030070960521698 0.21199730038642883 0.2580680549144745 -0.021979451179504395 0.0967365950345993 -0.26025280356407166 -0.23563726246356964 0.17060044407844543 -0.19249983131885529 -0.1552416831254959 0.2675877809524536 0.2881796658039093 -0.17108801007270813 -0.22583183646202087 -2.9228394632818555e-21 0.009863664396107197 -4.816287571603075e-16 0.00045075517846271396 -0.24037282168865204 0.18798695504665375 -0.18483497202396393 -0.25944098830223083 0.17693814635276794 0.26930761337280273 -0.11761705577373505 -0.24053610861301422 -0.23625704646110535 0.05140615627169609 -0.09466109424829483 0.017513785511255264 -0.18876659870147705 0.24088652431964874 -0.26214301586151123 0.22645683586597443 0.16534341871738434 2.7082597650976503e-20 -0.16275323927402496 -1.5411595730447034e-17 0.019312849268317223 -0.05838087201118469 0.0011347229592502117 -0.15501727163791656 0.13069891929626465 -0.2203942835330963 0.03245548531413078 -0.24338658154010773 -0.08224788308143616 0.06907932460308075 0.16591879725456238 -0.17199651896953583 -0.25805115699768066 0.07842548936605453 -0.07827980071306229 -0.18525594472885132 0.21498268842697144 -0.25460562109947205 5.497951067104142e-18 -0.13522157073020935 1.473458246857386e-19 -0.07167236506938934 0.005789462476968765 0.0003359657130204141 0.18463082611560822 0.06266465038061142 0.02097528986632824 -0.060044556856155396 -0.19667592644691467 0.2233075201511383 0.20679832994937897 0.18633005023002625 -0.14205409586429596 -0.10868224501609802 0.13776563107967377 -0.10209072381258011 -0.16859106719493866 0.22288593649864197 0.07641186565160751 -2.986521384455928e-20 0.10061769187450409 5.442691517745443e-14 -0.06171555817127228 -0.07028735429048538 -0.09327524155378342 -0.03703046590089798 -0.03318523243069649 -0.05185160040855408 -0.04380439221858978 -0.1144588440656662 0.17729897797107697 -0.016223935410380363 -0.0750245600938797 -0.041190750896930695 -0.016819393262267113 0.08237960189580917 0.0977526381611824 0.15332646667957306 -0.08693268150091171 -0.042124614119529724 7.112596449587727e-07 0.29258063435554504 -5.711478365810763e-07 0.23298104107379913 0.30718958377838135 0.05670909211039543 -0.09692829847335815 0.11845127493143082 0.21617120504379272 0.022449785843491554 -0.1040051132440567 0.03012772649526596 -0.06696084886789322 -0.23227258026599884 0.048150189220905304 -0.298431396484375 0.012831290252506733 0.026531074196100235 -0.17818742990493774 0.08601520210504532 0.05398793891072273 -2.1230048332654405e-06 -0.206206277012825 -1.1326353615004336e-06 -0.17903999984264374 -0.12049517035484314 0.14124633371829987 0.07352834939956665 -0.194768488407135 -0.20865030586719513 -0.04830172657966614 0.1972680389881134 0.20654237270355225 -0.19493310153484344 -0.14848721027374268 0.20112141966819763 -0.19456256926059723 -0.12374842166900635 -0.05815457925200462 0.24407213926315308 0.09514545649290085 -0.12609004974365234 -1.9143067339633113e-11 0.06764303147792816 8.481140981643013e-21 -0.2987879514694214 -0.2803947329521179 -0.09215663373470306 -0.05258291959762573 0.2728925347328186 0.08539380878210068 -0.2160726636648178 -0.17205440998077393 -0.085492342710495 0.20262840390205383 0.08371217548847198 -0.13618601858615875 0.13204024732112885 -0.14314842224121094 -0.08179739117622375 -0.010150615125894547 -0.07919257134199142 0.0556294210255146 -1.3402830083416582e-22 -0.0700531080365181 -1.4297230563897756e-06 0.003430405166000128 0.031858544796705246 0.15327852964401245 0.06725676357746124 -0.16762211918830872 -0.11723233759403229 -0.2737157642841339 0.2017579823732376 -0.11216243356466293 -0.16653792560100555 -0.2543928027153015 -0.16104264557361603 0.17502069473266602 0.16507448256015778 -0.03404328227043152 -0.19942817091941833 0.21556362509727478 0.20252332091331482 -2.0522039606953382e-14 -0.07905764132738113 2.6630047500475484e-07 -0.2668614983558655 0.10508330166339874 0.21554209291934967 0.23536650836467743 0.07867046445608139 0.09276030957698822 -0.2494969516992569 -0.17682738602161407 -0.2921499013900757 -0.11369970440864563 -0.21082352101802826 -0.1960475891828537 0.050893064588308334 0.09032436460256577 0.03461425006389618 -0.23537443578243256 0.19547757506370544 -0.2659568786621094 -2.7903432495761542e-18 -0.19761057198047638 -5.167183644516626e-06 -0.2076193243265152 0.07625891268253326 -0.08658773452043533 0.2552779018878937 0.1833793669939041 -0.12698835134506226 -0.009991607628762722 -0.07333049923181534 0.21964256465435028 -0.08460010588169098 -0.010315962135791779 -0.0020599195268005133 0.12840649485588074 0.14626950025558472 -0.028047863394021988 -0.08903567492961884 0.14586502313613892 0.08361896127462387 -1.495925532119486e-18 -0.24159173667430878 -7.483120430733936e-19 0.13851450383663177 -0.02665293961763382 -0.21952103078365326 -0.06817981600761414 -0.051808979362249374 -0.09362244606018066 -0.07443606108427048 0.2499009370803833 0.1584572196006775 -0.09052194654941559 0.13631658256053925 0.16102193295955658 -0.10506393760442734 -0.10333901643753052 0.08572230488061905 -0.14910228550434113 -0.07415783405303955 -0.1869354546070099 -3.0572859799349317e-09 0.04731990396976471 -2.6016835085899753e-15 0.04094471037387848 0.000786292483098805 0.03058210015296936 -0.06527050584554672 -0.09435177594423294 0.08405640721321106 0.028082890436053276 -0.08896071463823318 -0.12768122553825378 0.12128066271543503 0.13586165010929108 0.1370033472776413 0.15469561517238617 -0.08330823481082916 -0.14593778550624847 -0.038802824914455414 -0.08971711248159409 -0.1002245619893074 -4.336103742730302e-08 0.16865278780460358 -1.99817648649514e-07 0.16457444429397583 0.1878860592842102 0.16828930377960205 -0.11419826745986938 0.0026763409841805696 -0.1679646521806717 0.11149706691503525 0.2039526402950287 0.2177242785692215 -0.2528899908065796 -0.013283411972224712 -0.08427467942237854 -0.0034321038983762264 0.22849485278129578 0.020140599459409714 0.015494015999138355 -0.05867934226989746 -0.2448992282152176 7.106191787897842e-06 -0.3196873366832733 -7.277368269630047e-15 -0.25362518429756165 -0.03478405624628067 -0.15099866688251495 0.024710500612854958 0.012150343507528305 0.03339561074972153 -0.18564577400684357 0.16615232825279236 0.08343752473592758 0.08303897082805634 0.09072062373161316 0.09639955312013626 -0.15553677082061768 0.16603951156139374 0.22414183616638184 -0.26801738142967224 -0.24080826342105865 -0.12743033468723297 -2.6356708985986188e-05 -0.07204514741897583 1.5756944876958842e-18 0.059654053300619125 -0.06073205545544624 -0.031782690435647964 0.12394148111343384 -0.15116766095161438 -0.2431487739086151 0.14092205464839935 -0.19625543057918549 -0.11313401162624359 -0.13535481691360474 0.11927322298288345 -0.1281053125858307 0.16981454193592072 -0.24222829937934875 -0.21450142562389374 0.11416878551244736 0.020619090646505356 0.254239559173584 3.187637684195067e-19 -0.009959735907614231 4.792796552105243e-18 -0.09438376873731613 0.16258087754249573 -0.2612943947315216 -0.18979471921920776 0.11253660917282104 0.1524534523487091 -0.25521206855773926 -0.2599320709705353 -0.26778286695480347 0.23579850792884827 0.2560586929321289 0.13093432784080505 0.2574577033519745 0.07724214345216751 -0.09243965893983841 0.1290777027606964 -0.22531813383102417 -0.051910992711782455 1.4348718222454358e-19 -0.24322840571403503 6.336228606683078e-14 0.009280340746045113 0.03215150162577629 -0.2578662633895874 -0.250989705324173 0.19381898641586304 -0.1301308572292328 0.11248172074556351 -0.12466064095497131 -0.07554657012224197 0.18313419818878174 -0.1711927354335785 0.14431995153427124 -0.19869357347488403 0.10887135565280914 -0.2626603841781616 0.2217949628829956 0.07962256669998169 0.16276231408119202
b1 32
0.1779877096414566 0.11221517622470856 -0.13619649410247803 -0.0066210199147462845 0.11149133741855621 -0.028631683439016342 -0.04990889132022858 -0.043111130595207214 0.04417043179273605 0.036210328340530396 -0.11451350897550583 0.2819520831108093 0.29296034574508667 0.051000069826841354 -0.06597044318914413 -0.10877028107643127 -0.06482861936092377 -0.03706434741616249 -0.12490101158618927 0.038314089179039 0.20314708352088928 -0.05305686965584755 0.05640178173780441 0.17181764543056488 0.058188583701848984 -0.06652752310037613 -0.10518357902765274 -0.09840646386146545 0.05054161325097084 0.04136131703853607 0.19193135201931 0.14693963527679443
W2 1024
0.19267064332962036 0.1630026400089264 -0.02750447206199169 -0.06333571672439575 0.07051577419042587 0.16936087608337402 0.21931502223014832 0.08860421180725098 0.23341552913188934 0.008465507999062538 0.034727782011032104 0.21918602287769318 0.033630769699811935 0.20732901990413666 0.2079026699066162 0.03819628432393074 -0.000434505200246349 -0.02706989459693432 0.0749499648809433 -0.00557423522695899 0.18812288343906403 -0.056141410022974014 -0.012935498729348183 -0.03346725553274155 -0.08551900088787079 0.006999495904892683 0.09514621645212173 0.09785910695791245 0.20660263299942017 -0.027375226840376854 0.09973402321338654 0.06973156332969666 0.05807268247008324 0.08993478119373322 0.02247893251478672 0.10367079824209213 -0.07089445739984512 0.06794238090515137 -0.12845194339752197 0.04966042563319206 0.03668878227472305 0.0086713507771492 0.10761041194200516 0.00037558662006631494 -0.13887284696102142 0.07252657413482666 -0.1368657946586609 0.07973599433898926 0.032646436244249344 -0.05687803030014038 0.07768748700618744 -0.04247630760073662 0.08873483538627625 -0.02282206155359745 -0.0010394497076049447 0.0980180874466896 -0.0517723374068737 -0.08498746901750565 -0.020326806232333183 0.0972348153591156 -0.1478026956319809 -0.0503363274037838 0.0450432188808918 -0.13756567239761353 0.07572392374277115 0.09387068450450897 0.024820813909173012 0.1632009893655777 0.05062050372362137 -0.0038969130255281925 0.037289343774318695 0.17406371235847473 -0.02478165552020073 0.17805115878582 0.11492089927196503 0.13097290694713593 0.0018609302351251245 0.12067573517560959 0.02426731400191784 0.1503019779920578 -0.039989225566387177 0.1440657526254654 0.05595826357603073 0.1657024472951889 -0.03184744715690613 0.010886484757065773 -0.06697170436382294 -0.06786806881427765 -0.022542757913470268 0.01355150155723095 -0.04608067870140076 -0.017826005816459656 -0.034917160868644714 0.10874238610267639 -0.017542513087391853 0.08996076136827469 0.10603250563144684 0.046103522181510925 0.16065768897533417 0.08793383091688156 -0.011091012507677078 0.11140725016593933 -0.04831477254629135 -0.05012506619095802 -0.008203061297535896 0.15472787618637085 -0.07932038605213165 0.18376214802265167 0.22659432888031006 0.07578162848949432 -0.009606093168258667 -0.06603418290615082 0.20884184539318085 0.012242973782122135 -0.03999997302889824 0.25087273120880127 -0.0035672318190336227 0.05933360382914543 0.10319242626428604 -0.050258636474609375 -0.00663001136854291 0.1370994597673416 0.18244384229183197 0.015133390203118324 0.22113297879695892 0.16543641686439514 0.18480239808559418 0.24905310571193695 -0.16445529460906982 -0.030230391770601273 -0.0641627237200737 -0.08034160733222961 -0.14034442603588104 0.1079460084438324 -0.13199907541275024 0.04627392441034317 -0.05230429023504257 0.045106325298547745 -0.003900539129972458 0.13165391981601715 -0.06701278686523438 -0.13886363804340363 0.03912145644426346 -0.08557536453008652 -0.06326474994421005 0.04749761521816254 -0.052272919565439224 0.14026689529418945 -0.007003093603998423 -0.07919999212026596 0.06717304140329361 -0.08910733461380005 -0.03109685517847538 0.024529412388801575 -0.021881690248847008 0.1056520938873291 0.08879642188549042 -0.13686330616474152 -0.05849422886967659 0.12697747349739075 -0.07944384962320328 0.06668392568826675 -0.12795527279376984 -0.038728538900613785 0.09446089714765549 0.0616917759180069 0.025159927085042 -0.04513324424624443 -0.10183925926685333 -0.026899445801973343 -0.07129568606615067 0.021721547469496727 -0.06851878017187119 -0.0199445690959692 0.010702263563871384 -0.12741844356060028 0.03268848732113838 0.08238192647695541 0.0004374876734800637 -0.09212855994701385 -0.0911160334944725 0.06265844404697418 0.08661865442991257 0.10362666845321655 0.005523684900254011 3.242760227006869e-12 -0.06286509335041046 -0.037654805928468704 -0.06207338720560074 0.09285268932580948 -0.0017960944678634405 0.02249434031546116 0.0962628573179245 0.09132957458496094 0.00481931958347559 0.12227687239646912 -0.013473632745444775 -0.07408072799444199 0.1483711302280426 -0.06893600523471832 -0.08501055836677551 0.034880612045526505 0.21507231891155243 -0.017998047173023224 0.08106055110692978 0.10869341343641281 0.22845657169818878 0.02905149757862091 0.19781850278377533 -0.03829966112971306 0.0202995166182518 0.13206127285957336 0.10241135954856873 0.13506540656089783 0.1926461011171341 0.14297334849834442 -0.0330168791115284 0.09951143711805344 0.15341268479824066 -0.006781270261853933 0.17948243021965027 0.02751995250582695 0.16609834134578705 0.22409363090991974 -0.0004374446580186486 -0.008108975365757942 -0.009627506136894226 0.033927228301763535 0.03203042969107628 0.002718241885304451 -0.015443105250597 -0.004727344028651714 -0.0021156305447220802 0.0073001934215426445 -0.05339166149497032 0.02106710709631443 -0.012834628112614155 0.019918149337172508 -0.014316420070827007 -0.018406137824058533 0.008012404665350914 -0.027798697352409363 0.026705823838710785 -0.007418493740260601 -0.013874348253011703 -0.036421265453100204 0.019177375361323357 -0.054022740572690964 0.08782093226909637 -0.02619130350649357 -0.00029461344820447266 -0.01720176450908184 -0.07984920591115952 -0.015451980754733086 -0.010473842732608318 0.008402300998568535 -0.08545093983411789 0.05142417550086975 -0.139179065823555 -0.09768029302358627 0.11741935461759567 0.06191157549619675 -0.04262746870517731 -0.13514207303524017 -0.14853721857070923 0.009096833877265453 -0.06601933389902115 0.1061948910355568 -0.17532144486904144 0.006005691364407539 -0.05926103889942169 0.1089830994606018 0.02262287773191929 -0.1787199079990387 -0.12223654240369797 -0.0759124681353569 -0.006884305272251368 -0.10043571889400482 0.0961591824889183 -0.0760800763964653 0.0009583790670149028 -0.05168236047029495 -0.16295787692070007 -0.09340726584196091 0.07705636322498322 0.0032627584878355265 0.11336340010166168 0.06423093378543854 -0.10532049834728241 -0.10754427313804626 -0.12155287712812424 -0.023621613159775734 -0.0686463713645935 -0.10134090483188629 0.00099142175167799 0.06816942244768143 -0.10683208703994751 -0.046936556696891785 -0.008918720297515392 -0.06340084224939346 -0.07840123027563095 0.13910697400569916 -0.03110365755856037 -0.11103777587413788 -0.03148617967963219 -0.09053543210029602 0.08069419115781784 -0.11019282042980194 -0.011395149864256382 0.11624567210674286 0.12446551024913788 -0.07593344151973724 -0.014110599644482136 -0.0714908167719841 0.12936781346797943 0.12826967239379883 0.06713496148586273 -0.05386257544159889 0.011894871480762959 -0.07387974113225937 -0.05390296131372452 0.13440842926502228 0.19671252369880676 -0.04991584271192551 0.09663649648427963 0.12123266607522964 0.25362199544906616 0.07136666774749756 0.10499148070812225 0.13240565359592438 0.06191466003656387 -0.06003735587000847 0.14047911763191223 0.154387965798378 -0.009057540446519852 0.16951283812522888 -0.06773630529642105 0.09093068540096283 0.02084215357899666 -0.00032732574618421495 0.025139298290014267 0.011678152717649937 0.2176268845796585 0.23151828348636627 0.14443747699260712 0.06047723442316055 -0.04994241148233414 -0.009818490594625473 0.23976770043373108 -0.06855679303407669 0.027276506647467613 -0.05460996553301811 0.10780864953994751 -0.07899180799722672 -0.016811590641736984 0.024143977090716362 0.01223782543092966 0.07239243388175964 -0.021906806156039238 0.09409535676240921 0.1165400967001915 0.03731268644332886 0.16027796268463135 0.1939348727464676 -0.08764348924160004 0.14054085314273834 0.1257449835538864 0.1978943645954132 -0.04881938174366951 0.13760243356227875 -0.024536188691854477 0.12819014489650726 0.17231522500514984 0.23132941126823425 -0.01824025623500347 0.17473334074020386 -0.017139308154582977 0.12768641114234924 0.16091467440128326 0.135281503200531 -0.03751524165272713 0.17682665586471558 0.138792484998703 0.2515418827533722 -0.0772615596652031 -0.013071121647953987 0.1360209733247757 -0.025661945343017578 -0.011889436282217503 0.08211342245340347 0.22408442199230194 0.23589260876178741 0.23397931456565857 0.07897762209177017 0.23699776828289032 0.1292433887720108 0.10704732686281204 0.2070041000843048 0.2017609179019928 -0.06826722621917725 -0.07918759435415268 -0.06931596249341965 0.17739221453666687 0.03554969280958176 0.1610998511314392 0.028127815574407578 0.17690470814704895 0.24163596332073212 -0.010082818567752838 -0.07329800724983215 0.0158193688839674 0.17151695489883423 0.00408803578466177 0.0010071657598018646 0.0863766074180603 0.04921168088912964 -0.050706662237644196 0.12014765292406082 0.19041594862937927 -0.020175578072667122 -0.013483983464539051 0.14886534214019775 -0.04918714985251427 0.09612542390823364 0.13041983544826508 0.13484877347946167 0.22178435325622559 0.08968261629343033 0.22266705334186554 -0.029761238023638725 0.03301262483000755 0.24281035363674164 -0.017523951828479767 0.07236773520708084 -0.003366017946973443 0.04530694708228111 0.14446492493152618 -0.024164468050003052 0.052304551005363464 -0.006515178829431534 0.008273542858660221 0.10200286656618118 0.021104853600263596 -0.06629040092229843 0.014143402688205242 0.07381091266870499 0.0016932007856667042 0.24794314801692963 -0.052610669285058975 -0.023501479998230934 -0.011566461063921452 0.10266181081533432 -0.07293031364679337 0.08610693365335464 -0.08225111663341522 -0.08601042628288269 0.09689754247665405 0.012917311862111092 0.017727458849549294 -0.09779657423496246 -0.13410964608192444 -0.1135169044137001 -0.08553001284599304 -0.022299420088529587 -0.13569416105747223 0.09872502088546753 -0.06964468955993652 0.02338729426264763 0.12753376364707947 -0.03600916638970375 -0.07658495754003525 0.05758808180689812 -0.014093184843659401 0.0989433228969574 -0.11699330806732178 -0.04971005395054817 -0.1639707088470459 0.012521939352154732 0.007351687178015709 0.09718762338161469 -0.08866268396377563 0.022747043520212173 -0.08467750251293182 0.10749766230583191 0.09246297180652618 -0.14679867029190063 0.0772460475564003 -0.07791289687156677 0.12121875584125519 0.048226550221443176 -0.16171690821647644 0.07759144902229309 -0.1222776547074318 -0.1167244240641594 -0.04348616674542427 0.09334546327590942 0.020800640806555748 -0.1597132831811905 0.081229068338871 -0.17659218609333038 -0.10304343700408936 -0.010233171284198761 -0.048028163611888885 -0.007637180387973785 0.07053562253713608 0.10458706319332123 -0.09852274507284164 -0.0825362429022789 -0.17602218687534332 0.0015994958812370896 0.023720530793070793 -0.059872373938560486 0.02405063807964325 0.006988272070884705 0.09448667615652084 0.01360289752483368 -0.0016856358852237463 -0.01964983344078064 -0.14597517251968384 0.03841930255293846 -0.10970073938369751 -0.17496521770954132 -0.09286646544933319 -0.15922969579696655 -0.0030083004385232925 -0.14315687119960785 -0.02630966529250145 -0.14002297818660736 0.12141166627407074 -0.05956614762544632 0.0027765475679188967 0.12022636830806732 0.11846687644720078 0.08923712372779846 -0.04779226705431938 -0.0513032041490078 -0.05875493586063385 -0.10605210065841675 0.08665639162063599 0.016521640121936798 0.11697934567928314 0.048320602625608444 -0.007834983989596367 -0.018242400139570236 0.11649827659130096 0.14044806361198425 -0.049804579466581345 -0.05608033016324043 0.13312487304210663 0.08936786651611328 0.2091532051563263 0.10262501984834671 0.15551722049713135 0.16138793528079987 0.08794775605201721 0.1427203267812729 0.21922825276851654 0.04404021054506302 -0.008179324679076672 0.2288736253976822 0.1520492434501648 0.1689668744802475 -0.04745180532336235 0.10505736619234085 -0.06425391882658005 0.2297377735376358 -0.05470563471317291 0.12702533602714539 0.1551150381565094 0.240499809384346 -0.06856916844844818 0.18232087790966034 0.11683604121208191 0.15178154408931732 -0.02466350607573986 -0.010980889201164246 0.0004239477857481688 -0.018815195187926292 -0.03921011462807655 0.2346898913383484 0.2190323919057846 -0.005564458202570677 0.13755206763744354 0.047392308712005615 -0.04955465719103813 0.11176493018865585 0.049305614084005356 0.072203628718853 -0.07150834798812866 0.15441641211509705 0.16145680844783783 0.16232424974441528 0.09608135372400284 0.10250449925661087 0.06761660426855087 0.11119536310434341 0.1512693613767624 0.10678180307149887 -0.0022152515593916178 -0.05266812443733215 0.18613648414611816 0.007797699421644211 -0.10734868794679642 -0.025298185646533966 0.1295517534017563 0.20027977228164673 0.19410908222198486 0.08777312934398651 0.12341416627168655 0.026664888486266136 0.08926773071289062 0.042214591056108475 0.13878293335437775 0.020562447607517242 -0.07183026522397995 -0.04268798232078552 0.1837959587574005 0.21795427799224854 0.14212629199028015 0.04868350178003311 0.23299436271190643 0.06515026837587357 -0.012893765233457088 0.13298802077770233 0.1184237077832222 -0.0637260377407074 -0.05068182945251465 0.040394071489572525 -0.04764055088162422 0.14941896498203278 0.217630997300148 0.09518229216337204 0.0002616053097881377 0.17099158465862274 0.01711258850991726 0.0807611271739006 -0.021456949412822723 -0.007752067409455776 0.015948109328746796 0.07262220978736877 -0.039716292172670364 0.23968800902366638 0.07317158579826355 0.1324816644191742 0.1702989935874939 -0.03622504696249962 0.24972039461135864 0.015066170133650303 0.23753231763839722 -0.056867387145757675 0.11064812541007996 0.13462519645690918 -0.07807764410972595 0.18453127145767212 0.2355717122554779 0.07647155225276947 0.10669036209583282 0.19797451794147491 0.10848326981067657 0.22035419940948486 0.07284905761480331 0.10236402601003647 0.15385206043720245 0.22339317202568054 0.08739867806434631 0.1250215768814087 -0.06484608352184296 0.08359727263450623 0.15946492552757263 0.09833035618066788 0.11984428018331528 0.1055179014801979 -0.06906025856733322 -0.14751482009887695 0.005880836397409439 -0.003359071910381317 0.03999728336930275 0.06017167866230011 0.039434581995010376 -0.1488649696111679 -0.06679844111204147 0.1140589639544487 -0.13808831572532654 -0.019326744601130486 -0.017314929515123367 -0.009606756269931793 -0.04705332592129707 -0.10686291009187698 -0.1430722028017044 0.06273975968360901 0.09595271944999695 -0.08150067925453186 0.09539015591144562 0.026178719475865364 0.08298942446708679 -0.027991658076643944 -0.03669605031609535 -0.03824492171406746 0.059775080531835556 -0.11561458557844162 0.09329981356859207 -0.028979860246181488 -0.061182714998722076 0.017605707049369812 -0.016178177669644356 -0.013376095332205296 0.11451085656881332 0.21237409114837646 0.00749135622754693 0.19185952842235565 0.012876488268375397 0.03701862320303917 0.07295089215040207 0.06736958026885986 0.019230760633945465 0.13325908780097961 0.0800044909119606 -0.051440294831991196 -0.059250421822071075 0.011210300028324127 0.0631820559501648 0.06519266963005066 0.08661138266324997 0.19114531576633453 0.22151680290699005 -0.012785334140062332 0.16528582572937012 0.16390269994735718 0.09435371309518814 0.18089959025382996 0.2123410850763321 0.20613066852092743 0.07493609189987183 0.08643177896738052 0.17032276093959808 0.038822486996650696 0.08127308636903763 -0.003856177907437086 0.012818602845072746 -0.004836582113057375 0.09327862411737442 0.09937026351690292 -0.03019256703555584 -0.01458553597331047 0.0652928575873375 -0.0009542721090838313 -0.07630304992198944 -0.08798540383577347 -0.08169068396091461 -0.11635441333055496 -0.003565556136891246 -0.1086130291223526 0.05038633570075035 -0.11808077991008759 0.0020236901473253965 0.06568638980388641 -0.06746163219213486 -0.09924618154764175 -0.1318439245223999 0.1059892550110817 0.05207620933651924 -0.008468720130622387 0.05083242058753967 0.05138390138745308 -0.01435619592666626 0.0943390503525734 -0.06295686215162277 0.09627620130777359 0.09380973875522614 -0.08132072538137436 -0.06806256622076035 0.15368828177452087 -0.05698643624782562 -0.013582650572061539 -0.09256868809461594 0.06674627959728241 0.10089194029569626 -0.01189989224076271 -0.012985343113541603 0.1834256798028946 0.019332772120833397 0.08582449704408646 0.16419222950935364 0.0640193298459053 0.10340212285518646 0.07435045391321182 -0.06701596826314926 0.13445386290550232 0.15165726840496063 0.06283539533615112 -0.042937103658914566 0.13660703599452972 0.021816089749336243 -0.012123924680054188 0.1352916955947876 0.12891705334186554 0.17936761677265167 0.08832379430532455 0.1108313649892807 0.18044418096542358 0.12330903857946396 0.19011138379573822 0.06760242581367493 0.029333585873246193 -0.05021215230226517 -0.015150762163102627 0.1297963261604309 -0.00751606235280633 0.1511470377445221 0.17843273282051086 0.09676894545555115 -0.031052958220243454 0.0615474134683609 0.0876544862985611 0.1501319706439972 0.06637176126241684 0.024557219818234444 0.14033742249011993 0.008524934761226177 0.12026505172252655 -0.03886886313557625 0.19695569574832916 0.04042200371623039 0.13304097950458527 0.024065101519227028 0.08104263991117477 0.028409728780388832 0.0033915149979293346 0.10446258634328842 0.03902360424399376 0.017910020425915718 0.22141800820827484 -0.06399135291576385 0.02727654203772545 0.005769589450210333 0.22260123491287231 0.10349646210670471 0.06316149979829788 -0.024830853566527367 0.12927335500717163 0.1290355622768402 0.2456681877374649 0.21969938278198242 0.015404663048684597 0.1428815722465515 -0.048720698803663254 -0.01722155697643757 0.2032623142004013 0.1627872884273529 0.00997198186814785 -0.06757477670907974 0.0028205206617712975 0.10848911106586456 0.04192018136382103 0.04769478365778923 0.059267085045576096 0.09752467274665833 0.13271287083625793 -0.032656971365213394 0.02530730701982975 -0.0762830451130867 0.20725907385349274 0.023075247183442116 0.2563590109348297 0.2233470231294632 0.17230704426765442 -0.016069380566477776 -0.05295415595173836 0.20196165144443512 0.13996726274490356 -0.050136733800172806 -0.03597371280193329 0.09407564997673035 0.07523876428604126 0.19322597980499268 0.16625064611434937 0.04360335320234299 -0.07643672823905945 0.1710389256477356 0.1376415193080902 0.06845203787088394 0.031606145203113556 0.10466242581605911 0.003826207248494029 0.1654820591211319 0.09528245776891708 0.09315923601388931 0.21752943098545074 0.2103693038225174 0.22586408257484436 -0.05784035101532936 0.10803006589412689 0.06875265389680862 -0.02080988697707653 0.10382434725761414 -0.056917816400527954 -0.03834785148501396 -0.03407994657754898 -0.05620617792010307 0.04656677693128586 -0.004609759896993637 -0.03832302615046501 0.049854084849357605 0.0657745823264122 0.02368379384279251 0.023811249062418938 -0.024660389870405197 -0.036316949874162674 -0.012874108739197254 -0.10503429174423218 -0.04747947305440903 -0.043433018028736115 -0.01354872528463602 -0.017915327101945877 0.01053569745272398 0.09317837655544281 0.03799348697066307 -0.0036185188218951225 -0.06302808970212936 0.09046966582536697 -0.05918807536363602 0.08333498239517212 -0.010571621358394623 0.010990533046424389 -0.05602142959833145 0.01354028657078743 -0.04847997426986694 -0.02179837040603161 0.04937915876507759 0.01284671388566494 0.029210541397333145 -0.08004269003868103 -0.09876802563667297 -0.05389922112226486 -0.10536734759807587 -0.04807540401816368 0.011079329997301102 -0.07867371290922165 -0.04807611554861069 -0.022998707368969917 0.018568169325590134 -0.05561583861708641 0.0773363783955574 0.04912837594747543 -0.021919768303632736 -0.07748764753341675 0.015641950070858 -0.01135727297514677 -0.05548698827624321 -0.07420919835567474 0.11198828369379044 -0.051303502172231674 -0.04029722511768341 0.04351243004202843 0.03480731323361397 0.020119527354836464 -0.0835147425532341 0.02749832719564438 0.1150984987616539 0.019113590940833092 0.034720972180366516 0.09253307431936264 0.05333194509148598 -0.04195299744606018 0.11621804535388947 -0.007388392463326454 0.04338822141289711 0.0265105701982975 0.06743982434272766 -0.033366814255714417 -0.08442403376102448 -0.03627736493945122 0.08051856607198715 -0.018256308510899544 0.02503306232392788 0.0473271943628788 0.06533055752515793 -0.08557531982660294 -0.05223320052027702 -0.011029433459043503 -0.04864267632365227 -0.006335821934044361 0.0048018028028309345 0.12361641973257065 0.07615011185407639 -0.002405361272394657 0.013753736391663551 0.01420806348323822 0.09632857143878937 0.00839383713901043 -0.060016803443431854 -0.006303997710347176 -0.14141762256622314 0.04827815294265747 -0.038414932787418365 0.05616877228021622 -0.09477931261062622 -0.056083280593156815 0.04884616658091545 -0.030906852334737778 -0.011102362535893917 -0.010747412219643593 -0.11726714670658112 -0.09907163679599762 -0.10573723912239075 -0.027868079021573067 -0.05732956528663635 -0.04151895269751549 -0.08131805807352066 0.0979614183306694 0.018917454406619072 -0.02115614525973797 0.11241953074932098 0.01801164634525776 -0.16933844983577728 0.07944107055664062 -0.04601411893963814 -0.025173082947731018 -0.03206297755241394 -0.024093393236398697 -0.053687844425439835 0.08514873683452606 -0.00011764722148654982 -0.05906824767589569
b2 32
0.15482206642627716 0.0765434131026268 0.020331544801592827 0.07174351066350937 -0.11865764111280441 -0.16149938106536865 0.18427996337413788 0.0027145573403686285 -0.028409605845808983 0.01329396478831768 0.12703722715377808 0.13853849470615387 0.17829768359661102 0.2368151843547821 -0.08174823224544525 0.025850791484117508 -0.044775187969207764 0.16021893918514252 0.22668807208538055 0.22483393549919128 -0.08612463623285294 -0.0861106589436531 -0.04825279489159584 -0.073131263256073 0.20142720639705658 -0.031587302684783936 0.12435441464185715 -0.0011893321061506867 -0.14099350571632385 0.08319967240095139 -0.09702154994010925 0.014834617264568806
W3 32
0.167302668094635 0.013482889160513878 0.09236167371273041 0.19801397621631622 -0.11057370156049728 -0.04153088480234146 0.20523208379745483 -0.01816948503255844 -0.04250599443912506 -0.09644092619419098 0.14230217039585114 0.12873534858226776 0.21534723043441772 0.1198168620467186 -0.10634893923997879 -0.031060652807354927 -0.07697922736406326 0.11510393023490906 0.24836194515228271 0.12406879663467407 0.22037485241889954 -0.10652054101228714 0.17570725083351135 -0.0061690667644143105 0.06008007749915123 0.1075054407119751 0.2079438418149948 0.14328987896442413 -0.08908508718013763 0.019083663821220398 0.024131733924150467 -0.06087685376405716
b3 1
0.06640781462192535
feature_cols 21
t4_active t4_pm_min t4_pm_gap t4_pm_mean t4_pm_max branch_0 branch_1 branch_2 branch_3 branch_4 branch_5 branch_6 branch_7 branch_8 branch_9 branch_10 branch_11 branch_12 branch_13 branch_14 branch_15
