input_dim 40
hidden 32
M 16
branch_onehot 1
direction_largest 1
mean 40
1.0 0.3486413359642029 0.0 0.3486413359642029 0.3486413359642029 0.41575324535369873 1.0764503479003906 1.8182499408721924 2.0 0.6238428950309753 1.6911495923995972 1.4694242477416992 2.3149869441986084 0.23545600473880768 1.0771446228027344 2.127007484436035 2.0 0.862786054611206 1.7522910833358765 1.7389655113220215 2.615114212036133 0.1271287053823471 1.07709801197052 2.396437883377075 0.0625 0.0625 0.0625 0.0625 0.0625 0.0625 0.0625 0.0625 0.0625 0.0625 0.0625 0.0625 0.0625 0.0625 0.0625 0.0625
std 40
1.0 0.3107096254825592 1.0 0.3107096254825592 0.3107096254825592 0.3302859365940094 0.3406216502189636 0.5492226481437683 1.0 0.4620222747325897 1.039642572402954 0.4265390932559967 0.8311688899993896 0.20524710416793823 0.24080818891525269 0.4810185730457306 1.0 0.6676417589187622 1.0585131645202637 0.5718717575073242 0.8767061829566956 0.1181977391242981 0.17033825814723969 0.42972710728645325 0.24206146597862244 0.24206146597862244 0.24206146597862244 0.24206146597862244 0.24206146597862244 0.24206146597862244 0.24206146597862244 0.24206146597862244 0.24206146597862244 0.24206146597862244 0.24206146597862244 0.24206146597862244 0.24206146597862244 0.24206146597862244 0.24206146597862244 0.24206146597862244
W1 1280
4.2085491660868423e-19 0.038154322654008865 6.324984937816503e-17 0.15734033286571503 0.12360425293445587 0.07430288195610046 0.029965167865157127 -0.11573731899261475 -1.5288495952457811e-18 0.1027824655175209 0.14095081388950348 0.06083916500210762 -0.047051478177309036 -0.030859874561429024 0.07814960181713104 -0.11263230443000793 5.409732110515063e-14 -0.2679561674594879 0.050488729029893875 -0.23136486113071442 -0.22590523958206177 0.1746700555086136 0.18332618474960327 0.0008939342224039137 0.20598572492599487 -0.0354766808450222 -0.030393311753869057 -0.19070780277252197 -0.09450333565473557 -0.1644648015499115 0.029356345534324646 -0.2266966998577118 -0.11915306746959686 0.0228629931807518 0.040065981447696686 -0.0710294246673584 0.18592241406440735 -0.034573666751384735 0.11669502407312393 -0.12697243690490723 2.1973689013001657e-18 0.03237474337220192 -3.2770281713917493e-15 0.035881806164979935 0.05119095370173454 -0.013300079852342606 -0.12455977499485016 0.06606722623109818 3.459239433334785e-21 0.024303223937749863 0.021675955504179 0.07646363973617554 0.038388364017009735 -0.1281650960445404 -0.04577493667602539 0.10582578927278519 -1.2748462072646348e-15 -0.23767074942588806 0.18307508528232574 -0.11547710746526718 0.11735162138938904 -0.002664420520886779 0.14185351133346558 -0.15145327150821686 0.04069971665740013 0.12623365223407745 0.056715548038482666 -0.2616700530052185 -0.21255584061145782 0.07951856404542923 -0.2167544960975647 0.17407549917697906 -0.22241626679897308 -0.13254202902317047 -0.19252009689807892 0.1304260641336441 0.15239737927913666 0.14056254923343658 0.07969656586647034 0.14669997990131378 4.079139641084001e-13 0.1436450481414795 2.5096147966854842e-19 0.048316922038793564 0.0860806256532669 -0.10868103057146072 0.040108367800712585 0.020788904279470444 1.5929410451400757e-21 -0.0895790085196495 0.020948244258761406 -0.04844719171524048 -0.00985691323876381 0.05757138505578041 0.07228248566389084 -0.03611598536372185 1.1651331265709986e-16 -0.08799028396606445 0.2241983264684677 -0.08169789612293243 -0.21610835194587708 -0.05256536602973938 0.1451876014471054 -0.11118679493665695 0.09094275534152985 -0.1246999129652977 -0.11394960433244705 0.06892324984073639 -0.12529270350933075 -0.03883148729801178 -0.06552910804748535 0.08893418312072754 0.02043335698544979 0.07407207787036896 -0.12047797441482544 0.11974132061004639 -0.054974548518657684 0.05377945303916931 0.06536620110273361 0.1349804401397705 -1.472048765214796e-16 0.02150125429034233 -1.1096661004623368e-14 0.07342342287302017 -0.017847588285803795 -0.09046667814254761 0.0721544697880745 -0.06978277862071991 1.4180324692247837e-09 0.15001685917377472 0.01201285794377327 -0.026431255042552948 0.12304706871509552 0.11967567354440689 0.001985400915145874 0.02144470438361168 -5.364640054645682e-19 -0.19526070356369019 0.2722260057926178 -0.18328601121902466 -0.14411725103855133 -0.11589044332504272 0.17443783581256866 -0.036038439720869064 0.1792769432067871 -0.2436317801475525 0.1757049560546875 -0.23051759600639343 0.19333793222904205 0.20111773908138275 0.1479574292898178 -0.2332383096218109 0.17181789875030518 -0.0007097376510500908 -0.28960204124450684 -0.24375112354755402 -0.2181853950023651 -0.0551249198615551 -0.3041694462299347 0.15288344025611877 -8.207981903441451e-19 0.008508269675076008 4.369119357285074e-17 0.0641762912273407 0.09879567474126816 0.048056866973638535 0.0006163276848383248 0.08562763035297394 4.1628327030886265e-19 -0.09760090708732605 0.025351591408252716 -0.07833237200975418 0.14064264297485352 0.06696978956460953 -0.07280692458152771 0.036425359547138214 -5.454249952120229e-20 -0.08152569085359573 0.1700635552406311 -0.029688291251659393 0.05852484703063965 -0.009638683870434761 -0.06085534393787384 0.00355079909786582 0.0445982962846756 -0.12509223818778992 0.06419775635004044 -0.04498554766178131 -0.022148724645376205 0.022127831354737282 -0.09216137230396271 0.08698730915784836 0.08277193456888199 0.10693230479955673 -0.0949741080403328 0.07022744417190552 0.06951799988746643 0.04720412567257881 -0.05614890530705452 -0.11659221351146698 2.7590960883466573e-19 0.048671092838048935 -5.866853457775361e-19 -0.13309720158576965 0.06452862918376923 0.08678532391786575 0.12907934188842773 -0.12720760703086853 1.408825564287245e-16 0.027698947116732597 0.16394491493701935 0.00920039601624012 0.07074013352394104 0.02726735547184944 -0.040087759494781494 -0.04136749356985092 2.6243177608791046e-18 -0.10078371316194534 0.2060391902923584 -0.16909493505954742 -0.029394609853625298 0.10398165881633759 0.09723702073097229 0.031070781871676445 0.1939757764339447 0.21910539269447327 -0.20965434610843658 -0.1550731658935547 -0.1704268902540207 0.09945495426654816 -0.17530661821365356 -0.2460273802280426 -0.16093723475933075 -0.14349938929080963 0.1579432338476181 0.2473408281803131 -0.2271583378314972 0.202302947640419 0.18375836312770844 0.21661277115345 -2.8819560128102995e-13 0.16315312683582306 2.1679580551811424e-19 -0.008230580016970634 -0.003482464700937271 0.027215154841542244 0.013261807151138783 -0.023634009063243866 -1.7657835388779118e-15 -0.215791717171669 0.01750691793859005 0.045678529888391495 -0.022978251799941063 -0.0720522552728653 -0.017196834087371826 0.025367870926856995 9.84060961142536e-16 -0.07865331321954727 -0.014394977129995823 -0.03966439142823219 -0.088288813829422 -0.034233275800943375 0.19853940606117249 -0.10529927909374237 0.0018847016617655754 0.09364113956689835 -0.07147254049777985 0.093391053378582 0.0790836438536644 -0.06083619222044945 -0.08032654225826263 0.05909903720021248 -0.05500021576881409 -0.08165108412504196 -0.01322616171091795 0.09954801946878433 0.01801961474120617 0.05412684753537178 0.021562360227108 0.02355964109301567 4.498106527109694e-16 -0.13679824769496918 -6.98120015973383e-19 -0.0933532789349556 -0.01504844892770052 -0.05669892579317093 0.024862777441740036 0.1265561431646347 -1.7814802736916733e-19 -0.04051288962364197 -0.0027954645920544863 -0.02334560453891754 0.21139612793922424 -0.10624183714389801 0.07528461515903473 -0.10865247994661331 1.1289292499229245e-19 -0.23223468661308289 0.2917832136154175 -0.0644214004278183 -0.05074359476566315 -0.10257866233587265 0.05916929244995117 -0.13733136653900146 -0.11099616438150406 0.07140111923217773 -0.1744302213191986 0.12175000458955765 -0.025185346603393555 -0.1676962673664093 -0.16799460351467133 -0.08690760284662247 0.10358797758817673 0.13699470460414886 0.21598297357559204 0.09815166890621185 0.055008627474308014 0.07017964869737625 -0.1630576252937317 0.06065884977579117 -4.8865554065865976e-18 -0.03881021589040756 -3.8412736070359675e-20 0.061207856982946396 -0.015634559094905853 0.042218513786792755 -0.019542332738637924 0.05309762805700302 4.627924566772399e-18 -0.15186353027820587 0.12341166287660599 0.047945842146873474 0.1674950271844864 0.02890641614794731 0.06668461114168167 -0.12307723611593246 6.4748558077643015e-12 -0.13890515267848969 0.05545889958739281 -0.26106271147727966 0.06674325466156006 0.10778521746397018 0.16144412755966187 0.08755582571029663 0.12546426057815552 -0.2572507858276367 0.15528877079486847 0.1964229792356491 -0.2588745355606079 -0.24726878106594086 0.0027752683963626623 0.14535607397556305 0.23887544870376587 -0.22273485362529755 -0.25439000129699707 -0.2379555106163025 0.22422513365745544 0.011764325201511383 -0.17224779725074768 -0.23719851672649384 9.415534282846628e-19 -0.03642982617020607 -4.935716549012148e-14 0.059011928737163544 0.03606894239783287 0.084487184882164 -0.1693413108587265 0.006918630097061396 -8.23468937483085e-09 -0.17351628839969635 0.11325208097696304 0.06552363932132721 0.07959243655204773 0.1290503740310669 0.03759804740548134 -0.00591946579515934 -2.9124528535980598e-21 -0.057870328426361084 0.1488862931728363 -0.15694187581539154 0.2085120677947998 0.0032489921431988478 0.0328415110707283 -0.07856310904026031 -0.2206367701292038 -0.1274646818637848 0.07839064300060272 0.05325089767575264 -0.07372111082077026 -0.09416938573122025 0.12922510504722595 0.1571332812309265 0.1404440551996231 -0.1303805261850357 0.11521241068840027 0.019734857603907585 -0.17639899253845215 0.07075771689414978 -0.19136720895767212 0.031952351331710815 -4.514604764885241e-20 -0.03710842877626419 1.1874287294629876e-18 -0.09969288110733032 0.11141267418861389 -0.08374906331300735 0.008621972054243088 0.05091669037938118 -8.047471434683445e-18 0.04593125358223915 -0.06180035322904587 0.20484566688537598 -0.01619913801550865 0.023432668298482895 0.05711833015084267 -0.08741115778684616 4.2865887454963335e-19 -0.21122318506240845 0.1595005840063095 -0.21209128201007843 0.07121952623128891 -0.002494857180863619 0.17501474916934967 0.01303485780954361 -0.2942948043346405 0.1246691644191742 0.15173926949501038 0.18261612951755524 -0.25887927412986755 -0.30429109930992126 -0.27086079120635986 0.1776156723499298 -0.09530662000179291 0.1713477075099945 0.1865195780992508 0.09837484359741211 0.17454813420772552 -0.24812233448028564 0.17493413388729095 0.1762847900390625 4.108419808242052e-14 -0.03054141066968441 -5.644931239185041e-20 0.09244784712791443 -0.007233705837279558 -0.11312045156955719 -0.10259556770324707 0.06593519449234009 2.8697601984428804e-17 -0.18653851747512817 0.20238439738750458 0.05753615126013756 0.10104316473007202 -0.05753685161471367 -0.014711226336658001 0.09967558085918427 7.68734615409445e-19 -0.13737496733665466 0.15719260275363922 -0.12503233551979065 -0.007558739744126797 0.11653506010770798 0.11533032357692719 0.02449885942041874 -0.09226438403129578 -0.1416747123003006 0.2054431438446045 -0.09875989705324173 -0.17233163118362427 0.028599295765161514 0.23786838352680206 -0.13386417925357819 -0.21062414348125458 -0.18303528428077698 0.15455608069896698 0.13748115301132202 -0.0957571342587471 -0.08105604350566864 0.089311383664608 0.19096343219280243 2.574235438607834e-19 -0.08446068316698074 -1.9695939404363322e-19 0.0005904119461774826 -0.04877498745918274 0.006705383770167828 2.768106060102582e-05 0.025847621262073517 1.1471301030215985e-16 0.20107492804527283 -0.10309269279241562 0.09463044255971909 0.013931349851191044 -0.06880448758602142 0.11146608740091324 -0.022719066590070724 -3.1757554485450923e-12 -0.08905733376741409 0.049727849662303925 -0.13331927359104156 -0.02417212538421154 0.07812732458114624 -0.011888996697962284 -0.013410384766757488 0.0740082785487175 -0.09316803514957428 0.029911590740084648 0.11983049660921097 -0.08646003901958466 0.08594781905412674 -0.03358709067106247 0.035379040986299515 0.0745190754532814 0.03444052115082741 0.09116341918706894 -0.040417708456516266 0.004680440295487642 0.1106099933385849 0.051985789090394974 0.05803736299276352 -1.9256670910627882e-12 -0.002739307936280966 3.727615818013147e-14 0.12661132216453552 0.051024772226810455 0.09115743637084961 0.014581921510398388 -0.08906455338001251 8.303119858332764e-10 0.05799771472811699 -0.004069583024829626 0.05074456334114075 -0.062958724796772 -0.02029372565448284 -0.013885214924812317 -0.012043739669024944 -4.820599167827947e-17 -0.2687404453754425 0.24575960636138916 -0.14201363921165466 -0.017356477677822113 0.0638415664434433 0.18910013139247894 0.09563586860895157 0.14201144874095917 -0.21335110068321228 -0.14405480027198792 0.17029206454753876 0.13984428346157074 0.16598689556121826 0.19670060276985168 0.06967819482088089 -0.1999235451221466 -0.23237481713294983 -0.22424708306789398 0.060245126485824585 0.20339272916316986 -0.1563500165939331 -0.16519667208194733 -0.16134189069271088 -2.456982679836261e-17 0.13765516877174377 2.7226257272999765e-13 -0.10773845762014389 -0.005463306792080402 0.07666262984275818 -0.007432007230818272 -0.01613771729171276 -5.389750061188248e-13 0.08008751273155212 -0.00996182020753622 -0.020387297496199608 0.20371343195438385 -0.07419104874134064 -0.033903591334819794 0.012418740428984165 -7.409024505022899e-09 -0.15425418317317963 0.042118486016988754 -0.1236354410648346 -0.09259120374917984 0.041784580796957016 0.178105428814888 -0.06922367960214615 -0.1208864375948906 0.10140424221754074 0.11428111046552658 0.11835664510726929 0.08938448876142502 0.10419512540102005 0.106167733669281 0.0955861434340477 0.08993559330701828 -0.20544885098934174 -0.14577548205852509 0.13461658358573914 -0.1956309974193573 -0.21157687902450562 -0.18937638401985168 -0.19408917427062988 1.387992358815607e-17 -0.11526309698820114 6.534289984407914e-20 -0.046750281006097794 -0.008500461466610432 0.07149013876914978 0.033630043268203735 0.07486768811941147 -3.169684566900477e-12 0.009337322786450386 -0.022798806428909302 0.20695380866527557 0.04660043120384216 0.027704879641532898 0.03589266166090965 -0.04171460494399071 -1.0777873038492203e-10 -0.2327701449394226 0.061320871114730835 -0.1375446617603302 0.03583990037441254 -0.1601812243461609 0.08178213983774185 0.033908501267433167 0.1521334946155548 -0.18946658074855804 -0.12789656221866608 0.07654084265232086 0.18488295376300812 -0.1412205994129181 -0.22247664630413055 0.1008453443646431 -0.012159871868789196 0.13209611177444458 0.21116255223751068 -0.10506203770637512 0.17730984091758728 0.062072865664958954 -0.15419679880142212 0.1427280306816101 -5.019299645229094e-20 0.07606945186853409 -8.732816512567639e-15 0.06431461870670319 0.026455631479620934 -0.041330572217702866 -0.10131935775279999 -0.022587554529309273 -2.878259696553753e-13 -0.1504574418067932 0.12164074927568436 0.15057267248630524 0.17135806381702423 0.016177948564291 -0.07199682295322418 0.12128741294145584 -5.113997875345888e-13 -0.036109015345573425 0.25002920627593994 -0.12331785261631012 -0.07559913396835327 0.07971139252185822 0.048115868121385574 -0.02865513600409031 0.04725683853030205 -0.20386552810668945 -0.2710474729537964 0.13824786245822906 0.12612541019916534 0.1738772839307785 0.09931302070617676 -0.2347920536994934 0.07714960724115372 0.18320365250110626 0.19696080684661865 -0.26460421085357666 0.13739041984081268 0.10994289070367813 0.14429114758968353 -0.16271863877773285 1.5381828478051456e-16 -0.09028217941522598 -7.6925373586730735e-22 -0.06549759209156036 0.09222716838121414 -0.10738444328308105 0.0802457183599472 0.05083112791180611 1.7556810827951282e-15 -0.0040365890599787235 0.06790868192911148 0.08811932057142258 0.05397218465805054 0.04732928425073624 0.007086672820150852 0.04634569585323334 3.1436937141531875e-19 -0.0570654459297657 0.03599768504500389 -0.20138517022132874 0.05124353989958763 0.06684847176074982 0.007339446805417538 -0.09328033030033112 0.127704918384552 0.15022090077400208 -0.18936558067798615 -0.18308943510055542 0.15665481984615326 0.14486613869667053 0.11642053723335266 0.035067323595285416 -0.1707657277584076 0.15054267644882202 -0.0363125205039978 -0.17625457048416138 0.15148308873176575 -0.14044547080993652 0.14504018425941467 -0.16910289227962494 4.570768454396516e-19 0.11010915040969849 3.1783285935813954e-18 -0.029704775661230087 0.09867626428604126 -0.12431040406227112 -0.08589343726634979 0.057106371968984604 -6.36971886534337e-17 0.05086812376976013 -0.007846538908779621 0.05052239075303078 0.16153272986412048 -0.14595331251621246 0.021052531898021698 -0.05641988292336464 2.721479636400502e-18 -0.3188572824001312 0.12664733827114105 -0.04010232537984848 -0.05581994354724884 0.04445456340909004 0.07900749891996384 -0.04146088659763336 0.17157083749771118 0.05332739278674126 -0.1080968827009201 0.10918422788381577 -0.032748326659202576 -0.1963389366865158 -0.22579950094223022 0.05480170249938965 -0.020070508122444153 0.04955102503299713 0.06689358502626419 -0.18362219631671906 -0.13300924003124237 0.14113277196884155 -0.22285568714141846 0.08656115084886551 -2.412297555965534e-17 -0.05510394647717476 2.400923210243988e-11 -0.12437506020069122 0.1340341567993164 0.11499174684286118 -0.023806162178516388 0.001305282348766923 2.579966795757116e-11 -0.14273236691951752 0.03373035788536072 0.19160744547843933 0.14142484962940216 0.14908446371555328 -0.016217362135648727 0.08201282471418381 -1.8612242070545416e-18 -0.18630677461624146 0.08768130838871002 -0.006964955013245344 -0.1303522139787674 0.04790543392300606 0.06914195418357849 -0.15560990571975708 -0.151877760887146 -0.029848359525203705 0.15368527173995972 -0.07261630147695541 0.20384594798088074 0.2285679578781128 0.1305045336484909 0.17853522300720215 -0.1936836540699005 -0.06112254038453102 0.0554603710770607 -0.20517106354236603 0.09086010605096817 -0.14904987812042236 0.1415690779685974 0.045237746089696884 -4.3786695865569415e-20 0.06570455431938171 1.8622375776849998e-12 0.03407852351665497 0.11819560825824738 0.10759744793176651 0.04433462768793106 0.07852853834629059 -3.1026019662609673e-20 -0.0924120843410492 0.11353848874568939 -0.07604962587356567 0.17042787373065948 0.06666725128889084 -0.028086159378290176 -0.043052662163972855 -1.336910308640944e-20 -0.09969639033079147 0.18014973402023315 -0.10334363579750061 0.01499119121581316 0.022051220759749413 0.04668692871928215 0.0768822431564331 -0.07896745204925537 -0.058388013392686844 0.10319750010967255 0.13437937200069427 0.05611124262213707 -0.1116345152258873 0.19057413935661316 -0.188877671957016 0.1815086007118225 0.19095425307750702 0.13343548774719238 -0.15766581892967224 -0.028834311291575432 0.1657654047012329 -0.04212730750441551 0.056671544909477234 2.7349995416211633e-19 0.1080244854092598 -1.8586512488344984e-20 0.011654536239802837 -0.048927079886198044 0.0669514462351799 -0.03547215089201927 -0.02655685320496559 -3.564552288451143e-20 0.009755653329193592 0.09423945099115372 0.13645683228969574 0.023063132539391518 0.007151276804506779 -0.03221692889928818 0.010304468683898449 3.509947058912706e-19 -0.21193666756153107 0.10911213606595993 -0.011560349725186825 -0.12707577645778656 -0.06065211072564125 0.07835052162408829 -0.0047934772446751595 -0.22002822160720825 -0.18220581114292145 0.12790994346141815 -0.18895770609378815 0.12749060988426208 -0.2176915407180786 -0.17242342233657837 0.13605675101280212 0.1043509989976883 -0.09944561868906021 0.09405394643545151 0.08107214421033859 -0.1310664713382721 -0.11828400939702988 0.11739025264978409 0.11551429331302643 -5.952850652734057e-14 0.008697875775396824 2.0253870195580115e-12 0.03220529481768608 -0.05140770971775055 -0.09967043995857239 0.08343441039323807 0.010412520729005337 -3.2077498053074697e-19 -0.011195672675967216 0.18384025990962982 0.03946452960371971 -0.0014769879635423422 -0.03645963966846466 -0.0883050337433815 -0.022998563945293427 -1.9582769464338704e-19 -0.126216322183609 0.2763058543205261 -0.18745088577270508 0.1044134795665741 0.06628372520208359 0.1901177018880844 -0.09298776090145111 0.16847865283489227 0.006542538292706013 -0.1889680176973343 -0.1921025663614273 0.1559879183769226 -0.241099014878273 0.12130670994520187 0.03368395194411278 0.11985497176647186 0.1820003092288971 0.18371225893497467 -0.18070271611213684 -0.03969692438840866 -0.11408469825983047 -0.2427520751953125 -0.26413074135780334 -7.014359759693889e-09 0.12196870893239975 -2.817974326108086e-11 -0.009235301055014133 -0.13813719153404236 -0.009877651929855347 -0.06932368129491806 0.0997975766658783 -3.723075181483182e-10 0.05460066348314285 -0.013717482797801495 0.1358824074268341 0.16464291512966156 0.021938497200608253 -0.06045551970601082 0.007400257978588343 -8.875834088331811e-19 -0.1993599534034729 0.20469902455806732 -0.18879972398281097 0.0016824174672365189 0.03327832370996475 0.11066435277462006 -0.003998446278274059 -0.2815617024898529 0.15763208270072937 -0.19817617535591125 0.18550091981887817 0.1462888866662979 0.18558073043823242 -0.2628384828567505 -0.16989076137542725 0.19839975237846375 -0.23457351326942444 -0.2715155780315399 0.18758156895637512 -0.22837631404399872 0.18408864736557007 -0.2567249834537506 0.19173699617385864 -7.2282730911865656e-09 0.03930721431970596 -1.1762002830040252e-11 0.000907870358787477 0.04262933507561684 0.047669414430856705 0.03415036201477051 -0.03400416672229767 1.1585327546784175e-16 -0.004157515242695808 0.07268336415290833 0.08709064871072769 -0.0018428482580929995 0.03950749337673187 -0.006842378526926041 -0.015387938357889652 5.045963646921336e-10 -0.2004707008600235 0.03556395322084427 -0.10251887887716293 0.019638128578662872 0.018340151757001877 0.012233337387442589 0.03889533877372742 -0.2017882764339447 0.15229442715644836 0.13521532714366913 0.08712819963693619 0.1484137922525406 -0.1537666618824005 0.12035983800888062 -0.21820034086704254 0.15073692798614502 0.15245544910430908 0.05755884200334549 0.03314504772424698 -0.09284605085849762 0.13871417939662933 0.08864142000675201 -0.22893132269382477 1.4514747097380681e-13 0.08498302847146988 -7.337583774087719e-13 -0.15508009493350983 0.04966214299201965 -0.004067502915859222 0.02467021346092224 -0.07462805509567261 1.807589402546297e-18 0.0346321240067482 -0.015169190242886543 0.09377678483724594 0.12373563647270203 0.021266154944896698 -0.031228136271238327 0.10047106444835663 -4.6614170451511856e-20 -0.18662457168102264 0.2623288929462433 -0.0696963295340538 -0.08031896501779556 0.01749284565448761 0.037135012447834015 -0.054004453122615814 0.15100912749767303 0.020066719502210617 0.08916021883487701 -0.22258630394935608 -0.23840339481830597 -0.17680959403514862 0.16488997638225555 0.17460587620735168 -0.21099023520946503 -0.14276263117790222 -0.18430966138839722 -0.20542334020137787 0.17327438294887543 0.1781783103942871 0.1586313247680664 -0.20469900965690613 -1.8435092553573177e-19 -0.055849310010671616 6.688763378862778e-21 0.07339736074209213 0.11387450248003006 0.15323996543884277 0.04675142094492912 -0.17136254906654358 -5.229690604188907e-18 0.06973166763782501 0.17082352936267853 -0.0007903563091531396 0.020946720615029335 0.05942821875214577 -0.035645775496959686 -0.05742017552256584 2.1965196970038034e-19 -0.24248535931110382 0.30414706468582153 -0.1548583060503006 -0.06743531674146652 -0.09559235721826553 0.17054183781147003 -0.08467470109462738 -0.011667742393910885 0.09831247478723526 -0.06441212445497513 -0.0978163480758667 0.006905687972903252 0.11084091663360596 -0.19255712628364563 0.18615633249282837 -0.17917189002037048 0.15670253336429596 -0.17503248155117035 0.04045107588171959 0.2008189558982849 -0.14145135879516602 -0.1820630133152008 0.16720375418663025 -7.872652705882227e-20 -0.04221412166953087 1.186829437109193e-19 0.1016145572066307 -0.014341669157147408 0.04656822979450226 -0.05579318478703499 0.014774758368730545 -5.878728493585728e-14 0.07229600846767426 0.12976308166980743 0.16453124582767487 -0.07110488414764404 -0.007163261063396931 0.07777191698551178 -0.03503507003188133 6.849270499723059e-13 -0.19843406975269318 0.17847788333892822 -0.16275890171527863 -0.0834508165717125 -0.01862926594913006 0.16936960816383362 -0.048375099897384644 -0.2528606057167053 0.17328870296478271 0.1968146413564682 -0.2880855202674866 0.0884023979306221 -0.24572275578975677 0.2082746922969818 -0.2829723358154297 -0.2553372085094452 0.221998393535614 0.2202451527118683 0.18586531281471252 -0.2500229775905609 0.19972388446331024 0.2219758927822113 -0.23256482183933258 4.9231751188193235e-20 0.014582760632038116 -1.794747022870802e-20 0.07171919196844101 -0.09594008326530457 -0.03754504770040512 0.013930246233940125 -0.17329071462154388 -7.848921928083847e-19 0.023155804723501205 0.12909334897994995 -0.0667261928319931 0.1254376769065857 -0.08019024133682251 0.17336773872375488 -0.03984474390745163 -7.72515141001542e-19 -0.06774232536554337 0.25099900364875793 -0.04614919424057007 -0.01732872799038887 -0.04943873733282089 0.08122377097606659 -0.05810978263616562 0.04906633123755455 0.11814891546964645 0.14743827283382416 0.14621247351169586 -0.19732101261615753 0.11992160230875015 -0.06305789202451706 -0.18907761573791504 0.1740565001964569 -0.1010861024260521 -0.20926699042320251 0.11367181688547134 -0.09115105867385864 -0.13944032788276672 -0.16418740153312683 0.15676598250865936 -6.2249959012364645e-15 0.03277210518717766 -4.9035055800939614e-14 0.002876511076465249 -0.03814634680747986 -0.045553579926490784 -0.030340807512402534 0.04482591897249222 -1.630881574171767e-20 -0.2256297469139099 0.09297483414411545 -0.017064787447452545 0.08018245548009872 0.06183965876698494 0.06275509297847748 -0.1207893118262291 2.8245094484692895e-17 -0.0566299743950367 -0.044953618198633194 0.006734243594110012 0.006578679662197828 0.05822451040148735 0.020461373031139374 0.03495785593986511 0.094545878469944 0.0630820095539093 0.009713361039757729 -0.04723462089896202 -0.05207747966051102 0.005427658557891846 -0.0398925244808197 0.0636996179819107 0.020886117592453957 -0.07274556905031204 -0.05392604321241379 0.08933111280202866 0.10382892936468124 0.021804075688123703 -0.08357655256986618 0.007788516581058502 1.269090406629805e-16 0.04759226739406586 -2.9593498875393753e-13 0.13347283005714417 -0.05699717998504639 -0.009055033326148987 -0.010329834185540676 -0.031995195895433426 3.778526309791393e-15 -0.04663237929344177 0.16934987902641296 0.005671452730894089 0.0518074594438076 -0.015541618689894676 0.0797196552157402 0.10103677958250046 1.3868683857992698e-17 -0.15407225489616394 0.2566629648208618 -0.15119212865829468 0.10535711795091629 -0.11447156965732574 0.11050936579704285 0.05012166127562523 -0.14911727607250214 0.09564951807260513 -0.19446954131126404 -0.23955194652080536 0.01991162821650505 0.1781206876039505 -0.18883691728115082 0.15390397608280182 0.11002394556999207 0.17474974691867828 0.013481597416102886 -0.21174392104148865 -0.21380041539669037 -0.12061913311481476 0.1098250076174736 -0.16498881578445435 -4.337062401745524e-20 -0.03054332360625267 -8.682845742839801e-20 0.04309854656457901 0.011428914964199066 -0.012711083516478539 0.13033677637577057 0.035490717738866806 8.53924977344001e-20 -0.16432635486125946 -0.019505267962813377 0.10359035432338715 -0.0028743583243340254 -0.016093619167804718 -0.031656380742788315 -0.1522570550441742 -8.347447014753033e-15 -0.23338760435581207 0.1543390303850174 -0.14585188031196594 0.2801724076271057 -0.017203442752361298 0.07970523089170456 -0.06174078956246376 0.060752931982278824 0.03920789435505867 0.13204212486743927 0.1639919877052307 0.13496918976306915 0.13637498021125793 0.13480640947818756 -0.14457613229751587 -0.09650767594575882 -0.08967319875955582 -0.08439819514751434 0.007289533503353596 -0.18020927906036377 -0.049690958112478256 0.12236346304416656 -0.08991492539644241
b1 32
0.04081298038363457 0.15904688835144043 0.11981252580881119 0.08366501331329346 -0.03616844490170479 0.08516235649585724 0.0014593080850318074 -0.01784101314842701 0.1599898487329483 0.02912268228828907 0.2438640147447586 -0.019461991265416145 -0.08472540229558945 0.06802503764629364 0.2029751092195511 0.10799812525510788 0.25043079257011414 0.05252021551132202 0.06576157361268997 -0.09241083264350891 -0.016013504937291145 0.18184782564640045 0.2438848912715912 0.2026234269142151 0.16928313672542572 0.11938769370317459 0.19066664576530457 0.13838842511177063 0.06384720653295517 -0.06420829892158508 0.07853800058364868 0.18183723092079163
W2 1024
0.03335312381386757 0.2129286378622055 -0.03108283132314682 0.14175613224506378 0.17103245854377747 0.07980458438396454 -0.04626902565360069 0.14756709337234497 -0.08096592128276825 0.06395203620195389 0.12970715761184692 0.16053235530853271 0.024435652419924736 -0.06495244055986404 0.07657399028539658 0.20283037424087524 0.12369892746210098 0.1599271595478058 -0.027762198820710182 0.2249126434326172 0.13914044201374054 0.1745416224002838 0.24562814831733704 -0.07432355731725693 0.009239480830729008 0.008924589492380619 0.1884613335132599 0.02701544016599655 0.10332828760147095 0.0279113557189703 0.015804337337613106 -0.08800294250249863 0.07588046789169312 0.20316383242607117 0.12336859852075577 0.10443171858787537 0.3071048855781555 0.21584290266036987 0.016733817756175995 -0.005676721688359976 -0.01681382954120636 0.07939709722995758 0.3258366584777832 0.04359222576022148 0.24367615580558777 0.05974946171045303 0.2565932869911194 0.16112999618053436 0.12035474926233292 0.2270800918340683 0.16293911635875702 0.14737199246883392 -0.023672137409448624 0.2901518642902374 0.1610126942396164 0.16850075125694275 0.18758705258369446 0.12164440751075745 0.004025686997920275 0.09869397431612015 0.1436794251203537 0.02497236430644989 0.1941922903060913 0.11572171747684479 0.2352311611175537 0.033686697483062744 0.0714370459318161 -0.019451286643743515 -0.009949655272066593 0.19163601100444794 -0.10919603705406189 0.014170675538480282 0.13091951608657837 0.0646437257528305 0.0011740900808945298 0.14700663089752197 0.075831837952137 0.03500968962907791 -0.032536447048187256 -0.0111941983923316 0.1751793622970581 0.09274505823850632 0.061265647411346436 0.08017443865537643 0.06323923915624619 0.1576889008283615 0.059930045157670975 0.23133845627307892 0.09598765522241592 0.08633463829755783 0.22535967826843262 0.06535536050796509 0.09178735315799713 0.11488484591245651 0.1962965875864029 -0.0764835774898529 0.20179107785224915 0.15132258832454681 0.017395608127117157 0.08133949339389801 0.11715104430913925 0.04610355198383331 -0.04169658571481705 0.21900856494903564 0.1267833411693573 0.21313004195690155 -0.019475609064102173 -0.013961664400994778 0.19346503913402557 0.13397012650966644 0.08884915709495544 0.07082103937864304 0.05810375511646271 -0.030831098556518555 0.11064866930246353 0.0622774176299572 0.03236280009150505 -0.011363892816007137 0.1590976119041443 0.18856284022331238 0.2036503404378891 0.09755104035139084 -0.0645657330751419 0.23006455600261688 0.004506171680986881 0.13775020837783813 0.2367006093263626 -0.003891841508448124 0.23923750221729279 0.12848858535289764 0.07037002593278885 0.020413046702742577 -0.08653188496828079 0.16005676984786987 0.006405314430594444 0.1733338087797165 0.14449235796928406 0.1533205360174179 0.10360586643218994 0.16070489585399628 0.05956852063536644 0.037024617195129395 0.01698426716029644 -0.040573280304670334 0.008146066218614578 -0.07230709493160248 0.14479631185531616 -0.04109123349189758 0.19555829465389252 0.13083721697330475 0.1282566785812378 0.2069564312696457 0.10706031322479248 0.13332565128803253 0.20634020864963531 0.031055407598614693 0.17851567268371582 0.1114606261253357 0.21251432597637177 0.07255611568689346 0.14020299911499023 0.1116502583026886 0.007460195105522871 0.012622729875147343 -0.03360814228653908 0.10986519604921341 -0.06593209505081177 0.18442665040493011 0.044615667313337326 0.013437991961836815 -0.055544666945934296 0.05308394506573677 0.11369864642620087 0.15743781626224518 -0.04892026633024216 0.06382386386394501 0.18035593628883362 0.1755492240190506 0.11900626122951508 0.19707909226417542 0.14015540480613708 -0.02169610559940338 0.1481468677520752 0.23624616861343384 0.19766083359718323 0.17593038082122803 -0.00035570375621318817 0.16872280836105347 0.04353832080960274 0.12018346041440964 0.19906698167324066 0.148868128657341 -0.007202839478850365 0.12271321564912796 -0.047194305807352066 -0.00626701395958662 0.11078175902366638 -0.050990499556064606 0.007041603326797485 0.09412558376789093 0.11626718938350677 -0.18520833551883698 0.08862749487161636 -0.018836773931980133 -0.07174266129732132 -0.052076853811740875 -0.07272346317768097 -0.07402896881103516 -0.19563983380794525 -0.034630727022886276 -0.039954494684934616 -0.11796495318412781 0.05931835621595383 0.09882038086652756 -0.09910114854574203 0.056840118020772934 0.08565066009759903 -0.1200619637966156 0.08580690622329712 -0.009069444611668587 -0.061975449323654175 0.06958480179309845 -0.012781674973666668 0.003007351653650403 0.08538220077753067 0.21972453594207764 0.06740614026784897 0.09542082995176315 0.007199411280453205 0.2164730280637741 0.11102499812841415 0.13110263645648956 -0.018999366089701653 -0.014841625466942787 0.18959790468215942 -0.026927558705210686 0.005978601053357124 0.2373782843351364 0.18279938399791718 0.15480288863182068 0.22277319431304932 0.1602359116077423 0.18453338742256165 -0.019874028861522675 0.1602039933204651 0.0990300178527832 0.00020092501654289663 0.20040693879127502 0.004574006423354149 0.08224926888942719 -0.03683384507894516 0.0857873186469078 0.22018171846866608 -0.060316212475299835 0.23511993885040283 0.03293605521321297 0.22895538806915283 0.23759162425994873 -0.021530617028474808 0.19898511469364166 -0.016290390864014626 -0.0317092090845108 0.047623153775930405 0.21403484046459198 0.06724715232849121 -0.051537562161684036 0.1514715850353241 0.2289285957813263 -0.08327346295118332 0.15387967228889465 0.1478811651468277 -0.003978651948273182 -0.10101716965436935 0.03248961642384529 0.1036156415939331 -0.024423621594905853 0.19907617568969727 0.05228664353489876 0.0403299555182457 0.1645418256521225 -0.05732845515012741 0.06139332428574562 -0.09726221859455109 0.056348737329244614 0.11418488621711731 -0.01829252392053604 0.11304260790348053 0.14927911758422852 -0.11606013774871826 0.05636979267001152 0.06689641624689102 -0.07074295729398727 -0.12290322035551071 -0.07307861745357513 -0.1764264702796936 -0.06336775422096252 0.11134693026542664 -0.0191913191229105 0.11186483502388 -0.06041630730032921 -0.1033540815114975 -0.16810393333435059 0.050483256578445435 0.03282899037003517 0.13437728583812714 0.04433382675051689 0.04576987028121948 -0.17290905117988586 0.13257944583892822 -0.17173728346824646 -0.15205088257789612 -0.022443139925599098 0.12731310725212097 -0.0266888365149498 0.05684778466820717 0.005737537983804941 -0.03090876340866089 -0.07491771876811981 0.008400321938097477 -0.08771268278360367 0.04208363592624664 -0.07023380696773529 0.1368442326784134 0.24905365705490112 -0.024441279470920563 0.0108732795342803 -0.0272514671087265 0.09263310581445694 0.1762010008096695 0.24448995292186737 -0.0376841202378273 0.18510617315769196 -0.009472665376961231 0.09593550860881805 0.22319526970386505 0.1683778315782547 0.1809319257736206 0.14589212834835052 -0.015595951117575169 0.1265939474105835 0.025627501308918 0.1324561983346939 0.108621746301651 0.22968600690364838 0.1241229772567749 0.052136268466711044 0.00028635974740609527 0.2273220270872116 0.1291096806526184 -0.0002889317402150482 0.14658130705356598 0.17155992984771729 -0.031319599598646164 0.06330392509698868 -0.01903189718723297 0.08213964849710464 -0.002692323876544833 -0.02128330059349537 0.02741159312427044 -0.01460055448114872 -0.10227572917938232 -0.019158275797963142 0.06405854225158691 0.07419905066490173 0.0021492349915206432 0.023882294073700905 -0.027421625331044197 -0.044878505170345306 -0.0222530048340559 -0.019800543785095215 0.01812681183218956 -0.03957667574286461 0.03750544413924217 0.08338194340467453 0.03371160477399826 -0.06490710377693176 -0.021791577339172363 -0.017818305641412735 -0.044232044368982315 -0.006542311515659094 -0.05980966240167618 0.06198566034436226 -0.10854951292276382 -0.0658474937081337 -0.05092047154903412 -0.059834402054548264 0.05334538221359253 -0.10936792194843292 -0.010852234438061714 -0.08667419850826263 0.05134069547057152 0.056847523897886276 -0.12197064608335495 -0.10073123872280121 0.08340731263160706 -0.005218991544097662 0.0576309971511364 -0.07417275756597519 -0.14362815022468567 0.059648897498846054 0.10762020200490952 0.08867961168289185 0.042913567274808884 0.018614575266838074 0.05728273093700409 -0.167106494307518 0.1152333915233612 0.024573948234319687 -0.016963448375463486 -0.1373884528875351 0.07415416091680527 0.03659304603934288 -0.12432243674993515 -0.0008634426048956811 0.048318423330783844 -0.09294421225786209 -0.10193325579166412 -0.06986665725708008 0.06088333576917648 -0.09811969101428986 -0.010218949057161808 0.06439583003520966 0.017248252406716347 0.0385168194770813 0.11917433887720108 -0.09062102437019348 -0.06591612845659256 -0.021981894969940186 0.0959833636879921 0.07226501405239105 0.07015764713287354 0.09509889781475067 -0.14787444472312927 0.053756169974803925 -0.10069514065980911 -0.05062917247414589 -0.0569872185587883 -0.08841707557439804 -0.03198953717947006 0.09474916756153107 -0.08307843655347824 0.10336168855428696 -0.001449821051210165 -0.06970668584108353 -0.08388309180736542 -0.10282853245735168 -0.11709149926900864 -0.062227312475442886 0.15226960182189941 0.19350816309452057 0.0939188301563263 0.08737743645906448 -0.049941398203372955 0.061653461307287216 0.11331034451723099 0.03223327547311783 0.2157507985830307 0.09953345358371735 -0.030191713944077492 0.041273415088653564 -0.06843270361423492 -0.03626168891787529 0.05392302945256233 -0.008510519750416279 0.21771304309368134 0.1922130286693573 0.23761054873466492 -0.006842801347374916 0.04301242530345917 0.14066269993782043 0.03633752465248108 -0.056931428611278534 -0.06053083389997482 0.16903585195541382 0.18256258964538574 0.010643552988767624 0.02272789366543293 0.10464636236429214 0.14725925028324127 -0.05488647520542145 -0.010181556455790997 -0.003947091288864613 -0.04545025900006294 -0.10922929644584656 -0.12165132164955139 -0.13237802684307098 0.07510635256767273 -0.05212540179491043 -0.09442052990198135 -0.014008927159011364 -0.07527514547109604 0.09659416228532791 -0.08350925892591476 -0.1663150191307068 0.012229596264660358 0.12648524343967438 -0.026383936405181885 -0.007236117031425238 -0.07918412238359451 0.033011823892593384 -0.011791810393333435 -0.02853175811469555 0.0026723218616098166 0.057096272706985474 0.07686354964971542 0.12703251838684082 0.006247327197343111 0.12811537086963654 0.008550568483769894 -0.11427629739046097 -0.09241994470357895 -0.028755368664860725 0.01943582482635975 0.13086260855197906 -0.039034195244312286 0.04080243781208992 0.01351658720523119 0.02578899636864662 -0.04139789566397667 0.07130508869886398 0.0672215148806572 0.044194698333740234 0.012555418536067009 0.11090215295553207 0.06336434185504913 -0.03746606782078743 -0.06200183555483818 0.10513417422771454 0.04859582334756851 0.03268452361226082 0.011331700719892979 -0.05489204078912735 0.02146194875240326 0.024036623537540436 0.15271303057670593 0.021761585026979446 0.05580366775393486 -0.01742524839937687 -0.0012277500936761498 0.1775684654712677 0.0758027508854866 0.019792284816503525 0.05771259963512421 -0.0326281301677227 0.1022806316614151 0.1917588710784912 0.033901337534189224 -0.027173887938261032 0.043974973261356354 0.05886352062225342 0.04907898232340813 0.1432105004787445 0.15526153147220612 0.05726754665374756 0.1766008883714676 0.13586996495723724 -0.05286090075969696 0.030344869941473007 0.14665740728378296 0.08208348602056503 0.01538859587162733 0.14342933893203735 -0.04951092600822449 0.1932750940322876 0.186024010181427 -0.04341936856508255 0.021294182166457176 0.0004999451339244843 0.19565732777118683 0.17391763627529144 0.16467170417308807 -0.05990498885512352 0.16734673082828522 -0.09845875948667526 0.09700792282819748 0.0313761904835701 -0.038443051278591156 -0.02883188985288143 0.0919700339436531 -0.16073934733867645 -0.15150853991508484 -0.11336194723844528 -0.21856743097305298 0.08398240059614182 -0.08492710441350937 -0.026979681104421616 -0.23908670246601105 -0.06801293790340424 -0.19695228338241577 8.882770634954795e-05 -0.25434842705726624 -0.12035264074802399 -0.03890417516231537 -0.06605157256126404 0.04355858266353607 -0.13516685366630554 -0.029127808287739754 -0.1949906200170517 -0.24215750396251678 -0.22862638533115387 -0.18883676826953888 -0.17137722671031952 -0.16262443363666534 -0.29698505997657776 0.04813894256949425 -0.22866463661193848 0.02635900303721428 -0.07457685470581055 0.03706418350338936 0.16165290772914886 0.22079749405384064 0.0017168167978525162 0.10619708150625229 0.25432077050209045 0.1687837690114975 -0.040772445499897 0.14462201297283173 0.026557976379990578 0.10373682528734207 0.1471635401248932 0.01921784318983555 -0.006230602506548166 0.223038911819458 0.06366214156150818 0.12390744686126709 0.20704300701618195 0.09557231515645981 -0.07730994373559952 0.0717584565281868 0.04788367077708244 0.04433075338602066 0.20571555197238922 0.1890448033809662 0.09297487139701843 0.126608744263649 0.1784564107656479 0.1827400028705597 -0.05888402462005615 0.006322209723293781 0.09943100810050964 0.20103318989276886 0.22047723829746246 0.005474553443491459 -0.015483994036912918 0.08712275326251984 0.06876255571842194 0.02577943727374077 0.1600729376077652 0.16029313206672668 0.11353060603141785 -0.01265638880431652 0.06225059926509857 0.032240331172943115 0.09317145496606827 -0.050315678119659424 0.0030315248295664787 -0.05421588569879532 0.07938645035028458 0.19427600502967834 0.1216004490852356 0.0557594820857048 -0.04270342364907265 0.2115584760904312 0.11663416028022766 -0.04309500381350517 0.20247630774974823 0.07781563699245453 0.08801233023405075 -0.048835981637239456 -0.07980772852897644 -0.002245127223432064 -0.014284132048487663 0.05997427925467491 0.08576609194278717 -0.09539235383272171 -0.0848894938826561 -0.11941028386354446 -0.20575551688671112 -0.16385051608085632 -0.14337846636772156 -0.1572141796350479 -0.09186664968729019 0.07387048006057739 -0.09132879972457886 0.032961197197437286 0.07926296442747116 0.07652706652879715 -0.11624086648225784 0.11253001540899277 0.0026883878745138645 0.060775455087423325 -0.09334837645292282 0.06421735137701035 0.09565536677837372 -0.06986351311206818 0.09996873140335083 -0.1577482372522354 -0.1563439518213272 -0.05337980017066002 0.09804711490869522 0.01868089847266674 0.07820295542478561 0.036932334303855896 -0.1613233983516693 -0.0225888192653656 -0.06279776990413666 -0.006580324377864599 0.1927032172679901 0.04566169157624245 0.12823951244354248 -0.04735012724995613 -0.07083604484796524 0.08922625333070755 0.25184202194213867 0.04009736701846123 0.12290678918361664 0.14873231947422028 0.11915768682956696 0.038200970739126205 0.1017153188586235 -0.016657963395118713 0.2390776425600052 0.004305153153836727 0.1875583827495575 0.06055985018610954 0.11587006598711014 0.10717549920082092 0.24965864419937134 -0.0638311505317688 0.12784278392791748 0.07775858789682388 0.2582884430885315 0.1920391321182251 0.022435946390032768 0.10860692709684372 0.13077063858509064 0.2069360762834549 0.24910815060138702 -0.03957027196884155 0.15428194403648376 0.01566055230796337 0.03234048932790756 -0.07521567493677139 0.20228150486946106 0.10638925433158875 0.1800561249256134 0.027480294927954674 0.03901234641671181 0.1082644984126091 0.00516546843573451 -0.024003902450203896 -0.019834641367197037 0.22999832034111023 0.0911836326122284 0.23365770280361176 0.10999361425638199 0.1508413553237915 0.006248161196708679 -0.012843447737395763 0.0865384116768837 0.011034071445465088 0.15534916520118713 0.09719131141901016 0.007884913124144077 -0.07189983874559402 0.00611758790910244 -0.04565238952636719 -0.003925029654055834 0.05150430276989937 0.15331947803497314 0.02844342030584812 0.22632193565368652 0.023247243836522102 0.21654699742794037 0.04467598721385002 0.006500996649265289 0.2061242312192917 0.2232041209936142 0.2558386027812958 0.1649230569601059 0.13000762462615967 0.017577340826392174 0.19388994574546814 0.19835436344146729 0.20943501591682434 0.04680576175451279 0.20049457252025604 -0.05002272129058838 0.048440005630254745 -0.014027651399374008 0.14168058335781097 0.12328072637319565 0.17462141811847687 0.1084739938378334 -0.05564933270215988 0.15068486332893372 0.029620710760354996 -0.008112446404993534 0.1464756727218628 0.15545041859149933 -0.05157601088285446 0.1110653430223465 0.25569814443588257 -0.01036592572927475 0.1913308948278427 0.011681790463626385 -0.021116109564900398 -0.0403909757733345 0.17676469683647156 0.2563062012195587 0.13029703497886658 -0.026058992370963097 -0.006340511608868837 0.1258375644683838 0.019286055117845535 -0.04265382140874863 0.1922411322593689 0.22891299426555634 0.22639206051826477 -0.06282898038625717 0.08659882843494415 0.04973338916897774 0.2056843638420105 0.08602531999349594 0.04434194788336754 0.09932069480419159 0.0505308173596859 0.11670080572366714 0.1567506343126297 -0.0679754838347435 0.13634246587753296 0.09335137158632278 -0.00144487083889544 0.0007234739023260772 -0.16096797585487366 -0.13342644274234772 0.005276808515191078 0.10791315138339996 0.07235744595527649 -0.11670298874378204 -0.10191269218921661 -0.028349578380584717 0.07026254385709763 -0.032006166875362396 -0.08965443819761276 -0.05424950271844864 0.08364289253950119 0.03163420781493187 0.06905192881822586 0.04727078974246979 -0.14101780951023102 -0.06338996440172195 -0.154767245054245 0.07283521443605423 -0.10275749862194061 0.11393667757511139 -0.05811978504061699 -0.05029813572764397 -0.15404297411441803 0.05612683296203613 0.08704863488674164 0.12891975045204163 0.04873653128743172 -0.11664263904094696 0.14470206201076508 0.11161655932664871 0.2238427698612213 0.13444477319717407 -0.05577513948082924 0.008074027486145496 0.0282884668558836 -0.025858985260128975 0.22401028871536255 0.014766770415008068 0.08378244936466217 0.19300681352615356 -0.06712789833545685 0.19438819587230682 0.11212410777807236 0.0895906314253807 0.20376159250736237 -0.09260700643062592 0.08649573475122452 0.06018701195716858 0.11461442708969116 -0.0840601846575737 0.0732228010892868 0.12975719571113586 0.04270181804895401 0.21818824112415314 -0.011602324433624744 0.21534109115600586 0.2143736183643341 0.17301909625530243 0.10415291786193848 0.12367306649684906 0.09257551282644272 0.005728099029511213 0.10590758919715881 0.018209191039204597 -0.016440341249108315 -0.15330778062343597 0.006332302466034889 -0.08398595452308655 0.07609795033931732 -0.11115015298128128 -0.19585542380809784 -0.017681382596492767 -0.005625545047223568 -0.04251566901803017 0.07472076267004013 0.04160777106881142 0.04924771562218666 -0.1270328313112259 -0.21074233949184418 -0.18745967745780945 0.11893228441476822 0.05552234873175621 0.0019808150827884674 -0.06981221586465836 0.08923991024494171 0.04358413442969322 -0.0882042646408081 -0.1758917272090912 0.1080518588423729 -0.09757125377655029 -0.0573369525372982 -0.17024263739585876 0.1918869912624359 -0.0888453796505928 0.16909259557724 -0.04761386290192604 0.08602771908044815 0.16766385734081268 -0.022315613925457 -0.00982481986284256 0.1319415271282196 0.026203077286481857 0.07372304052114487 -0.08118683844804764 0.13118712604045868 0.24172529578208923 -0.0609714612364769 0.22607292234897614 0.20778988301753998 -0.055899787694215775 -0.02477831207215786 0.1306597888469696 0.02997519075870514 -0.07080303877592087 0.061309538781642914 0.10805422067642212 -0.032484620809555054 0.18590092658996582 0.04309495911002159 0.13298921287059784 -0.028876924887299538 0.0145495580509305 0.13463929295539856 0.20673349499702454 0.0052775247022509575 -0.04859340935945511 -0.025793414562940598 0.13135942816734314 -0.07184816151857376 0.19494427740573883 0.05225970968604088 -0.03453443944454193 0.10937181115150452 -0.03430470451712608 0.09433826059103012 -0.06415227055549622 -0.09174148738384247 0.07974692434072495 -0.015926647931337357 -0.07578277587890625 0.1063610389828682 -0.06968250125646591 0.08720701187849045 0.1200544685125351 -0.010493974201381207 0.1938290297985077 0.16801013052463531 0.24525463581085205 0.15912340581417084 0.19696417450904846 0.08134964108467102 0.21439197659492493 0.11861606687307358 0.016511669382452965 0.06068328022956848 0.16746070981025696 0.20592164993286133 0.06261666864156723 -0.06299272924661636 -0.05970034375786781 0.01841244474053383 0.09744511544704437 0.16028478741645813 0.19396266341209412 -0.002219218760728836 -0.03861812874674797 0.2179689258337021 0.0624663420021534 -0.10527651757001877 0.1389966756105423 0.15948928892612457 0.1628972291946411 0.11457102000713348 -0.025750793516635895 0.06130030378699303 0.1904202401638031 0.011298919096589088 0.04765652120113373 0.11367415636777878 0.19789810478687286 0.13559618592262268 -0.06011217087507248 0.17042972147464752 0.12969601154327393 -0.0014728937530890107 -0.005310543347150087 0.18828454613685608 0.10822411626577377
b2 32
-0.003570540575310588 -0.054777152836322784 -0.01624259725213051 -0.027387982234358788 -0.08882612735033035 -0.024018583819270134 -0.09528730809688568 -0.06952633708715439 0.11120670288801193 -0.05423891171813011 -0.03709428012371063 -0.060485612601041794 0.16173528134822845 -0.070796437561512 0.08981844037771225 -0.11386723071336746 -0.012187239713966846 0.043661631643772125 0.780184268951416 -0.05288805440068245 -0.004271685145795345 0.20439134538173676 -0.024759072810411453 0.03790009766817093 -0.04484432190656662 -0.02898162603378296 -0.06229882687330246 0.03109818510711193 0.20169974863529205 -0.0012197033502161503 0.06021629273891449 -0.014971223659813404
W3 32
0.2234366238117218 0.4310596287250519 0.13577856123447418 0.1806367039680481 0.25146353244781494 0.12343841791152954 -0.07192938029766083 0.21535442769527435 0.1885855793952942 -0.12578214704990387 0.18929150700569153 -0.12609298527240753 -0.04156767204403877 -0.03564882650971413 0.0582137331366539 -0.10246008634567261 0.029336387291550636 0.22818420827388763 -1.0010336637496948 0.19626884162425995 0.14741045236587524 -0.14056700468063354 0.22372792661190033 0.059477005153894424 0.11091115325689316 0.2082497775554657 -0.06438285857439041 0.19202156364917755 -0.22812241315841675 0.23727573454380035 0.1904924213886261 0.22190599143505096
b3 1
-0.1370830535888672
feature_cols 40
t4_active t4_pm_min t4_pm_gap t4_pm_mean t4_pm_max t4_llr_abs_min t4_llr_abs_mean t4_llr_abs_max t8_active t8_pm_min t8_pm_gap t8_pm_mean t8_pm_max t8_llr_abs_min t8_llr_abs_mean t8_llr_abs_max t16_active t16_pm_min t16_pm_gap t16_pm_mean t16_pm_max t16_llr_abs_min t16_llr_abs_mean t16_llr_abs_max branch_0 branch_1 branch_2 branch_3 branch_4 branch_5 branch_6 branch_7 branch_8 branch_9 branch_10 branch_11 branch_12 branch_13 branch_14 branch_15
