input_dim 32
hidden 32
M 16
branch_onehot 1
direction_largest 1
mean 32
1.0 0.3486413359642029 0.0 0.3486413359642029 0.3486413359642029 0.41575324535369873 1.0764503479003906 1.8182499408721924 2.0 0.6238428950309753 1.6911495923995972 1.4694242477416992 2.3149869441986084 0.23545600473880768 1.0771446228027344 2.127007484436035 0.0625 0.0625 0.0625 0.0625 0.0625 0.0625 0.0625 0.0625 0.0625 0.0625 0.0625 0.0625 0.0625 0.0625 0.0625 0.0625
std 32
1.0 0.3107096254825592 1.0 0.3107096254825592 0.3107096254825592 0.3302859365940094 0.3406216502189636 0.5492226481437683 1.0 0.4620222747325897 1.039642572402954 0.4265390932559967 0.8311688899993896 0.20524710416793823 0.24080818891525269 0.4810185730457306 0.24206146597862244 0.24206146597862244 0.24206146597862244 0.24206146597862244 0.24206146597862244 0.24206146597862244 0.24206146597862244 0.24206146597862244 0.24206146597862244 0.24206146597862244 0.24206146597862244 0.24206146597862244 0.24206146597862244 0.24206146597862244 0.24206146597862244 0.24206146597862244
W1 1024
2.057987114056914e-11 0.07419682294130325 4.1248444334571287e-19 0.00830098707228899 0.0766734927892685 -0.13696283102035522 -0.07945723086595535 0.026613885536789894 2.3495395800260466e-19 -0.2284708023071289 0.14566859602928162 -0.06558212637901306 0.09960643202066422 -0.02804771438241005 0.1825321763753891 -0.11672783643007278 0.1914508044719696 0.11965138465166092 0.08677463978528976 -0.05710487812757492 0.1154114380478859 0.04040077328681946 -0.10141867399215698 -0.08017656952142715 0.11099391430616379 -0.16629475355148315 0.11189410090446472 -0.12725910544395447 -0.10515397787094116 0.03624732792377472 0.07445865869522095 0.09133321791887283 -4.254321775507691e-13 -0.14313198626041412 -2.4876494746043786e-16 0.1422635018825531 0.06252209842205048 -0.09825360774993896 -0.14486843347549438 -0.11605432629585266 5.878165152652024e-20 0.07514997571706772 0.12520059943199158 0.015440707094967365 -0.16393300890922546 0.026627235114574432 -0.13791905343532562 -0.1552838683128357 -0.05942458286881447 -0.08416812121868134 -0.04119114577770233 0.023250943049788475 -0.0500807948410511 0.10285234451293945 -0.037767235189676285 -0.046984776854515076 -0.05413156747817993 0.04894286021590233 -0.10872926563024521 0.04595591872930527 0.10543069243431091 -0.13075615465641022 0.020638225600123405 0.05272134393453598 7.121055745074045e-08 0.01357365120202303 -8.798553447134338e-20 -0.19041743874549866 -0.15558405220508575 0.003230768023058772 0.06469247490167618 -0.11258203536272049 -9.278887006959461e-16 -0.04082997143268585 0.20200365781784058 0.10332229733467102 0.16754356026649475 0.0005198736325837672 0.09798703342676163 0.10024052113294601 0.14681226015090942 0.0767625942826271 -0.19631677865982056 0.10393158346414566 -0.2518099248409271 -0.17769619822502136 -0.16327543556690216 0.06604033708572388 -0.2197633534669876 -0.1486589014530182 -0.08781303465366364 0.09198832511901855 0.06798594444990158 -0.04658815637230873 -0.03722298890352249 -0.012178144417703152 1.843833347451012e-14 0.12840060889720917 9.202489437143413e-09 0.16486449539661407 -0.05690903589129448 -0.134760782122612 -0.09306374192237854 0.04264318570494652 4.476757453630853e-08 -0.187352254986763 0.33924779295921326 0.08268307149410248 0.06127370521426201 0.08458826690912247 0.019396184012293816 -0.06943924725055695 0.17986874282360077 0.12778878211975098 0.051051195710897446 0.086142398416996 0.010898061096668243 -0.1924152672290802 0.06811266392469406 -0.19731436669826508 0.12624263763427734 -0.15875370800495148 0.04508979246020317 -0.20870310068130493 -0.1398341953754425 -0.02650321088731289 0.1292268931865692 0.09876537322998047 -9.15052064611073e-15 0.12532004714012146 -1.1783547132396457e-19 -0.08434057235717773 -0.04513100907206535 -0.10925114899873734 -0.04905585199594498 0.15436868369579315 -3.3733385279999945e-14 -0.05489222705364227 -0.0032335526775568724 -0.004992656409740448 0.01685534603893757 0.10767343640327454 0.0985090360045433 -0.05266713723540306 0.07169666886329651 0.10052870213985443 0.10055555403232574 -0.020192814990878105 0.03442203253507614 0.11272293329238892 0.017751524224877357 -0.09043271094560623 -0.14914053678512573 0.012015020474791527 -0.14521165192127228 -0.034954436123371124 -0.10914994031190872 -0.032245099544525146 -0.054886594414711 0.15058568120002747 7.334840742591331e-13 0.11932429671287537 1.8593492301377523e-09 -0.07573839277029037 -0.17985829710960388 0.0606071799993515 0.023497557267546654 0.07657688856124878 3.070861368469589e-14 -0.17338481545448303 0.14798544347286224 0.0866834968328476 0.23066148161888123 -0.05416465550661087 -0.11086513847112656 0.07041499018669128 0.15990804135799408 -0.19076871871948242 0.21162311732769012 -0.11702349036931992 0.2086409330368042 -0.1519673466682434 -0.16666516661643982 0.1723797470331192 0.2201363742351532 -0.23341181874275208 0.20569631457328796 -0.14175130426883698 0.12690019607543945 -0.14661093056201935 -0.13694709539413452 -0.07953716814517975 2.599865922547906e-08 -0.022024011239409447 -5.623158294498997e-19 0.024244938045740128 -0.11463626474142075 -0.09638751298189163 -0.040043093264102936 0.05261152237653732 4.0840662387158544e-19 -0.21791934967041016 0.030958283692598343 0.028411835432052612 0.09390144050121307 -0.06370177119970322 -0.01898251473903656 -0.06461052596569061 -0.1536525934934616 -0.14522047340869904 -0.1280703842639923 0.18746332824230194 -0.1604273021221161 -0.13081690669059753 0.0598628893494606 0.14984369277954102 -0.05398442596197128 0.12930838763713837 -0.19260329008102417 -0.18932540714740753 -0.08483816683292389 0.18892623484134674 -0.17174950242042542 0.15674592554569244 -5.2150264109130526e-21 -0.0396915078163147 1.122781312368204e-09 -0.012839523144066334 0.14915108680725098 -0.17027422785758972 -0.01190252136439085 0.07264139503240585 -3.2385162285208935e-07 -0.06903913617134094 0.1813558042049408 -0.12127071619033813 0.27494123578071594 0.032181013375520706 0.054913487285375595 -0.02977416105568409 -0.06688914448022842 -0.18377834558486938 -0.20911738276481628 0.11871369183063507 -0.24614492058753967 0.1560489684343338 0.08276257663965225 0.1725601851940155 -0.23495110869407654 0.13475929200649261 -0.1309933215379715 -0.18032431602478027 0.16389383375644684 -0.15831167995929718 0.18124710023403168 0.13967834413051605 3.713603578614207e-19 0.14717386662960052 -2.9298743758976776e-20 -0.02902035415172577 0.00829918310046196 0.1139158308506012 0.03783567249774933 0.06445354223251343 -2.224660122948916e-19 -0.287147581577301 -0.05652670934796333 0.0907767117023468 0.14531955122947693 -0.014576202258467674 -0.006225095596164465 -0.05541802942752838 0.02239442989230156 -0.12363176047801971 -0.024811629205942154 0.05452436953783035 -0.09959673136472702 0.10852716863155365 0.015271199867129326 -0.14738652110099792 0.0741216242313385 -0.13863448798656464 -0.0774841383099556 -0.04391554370522499 0.07951927185058594 0.09120962023735046 0.09654144197702408 -0.12056566029787064 1.0539087380578849e-09 -0.005190790630877018 3.933622701114865e-14 0.060170263051986694 0.06461870670318604 0.01065767277032137 0.06394809484481812 -0.07244543731212616 -6.990915008345255e-13 -0.24494600296020508 0.27057164907455444 -0.07164954394102097 0.25113803148269653 -0.039128437638282776 0.1355690062046051 -0.04292543604969978 -0.17851930856704712 0.17559398710727692 -0.15772202610969543 0.155913844704628 -0.0856066420674324 0.1694057732820511 -0.019699515774846077 0.1973050981760025 0.13708777725696564 -0.21333053708076477 0.1721602976322174 -0.1850431114435196 0.14416472613811493 0.18238919973373413 -0.11921808123588562 -0.2031228393316269 1.5515620103125324e-18 0.18307064473628998 -4.0518563426509223e-19 0.15309706330299377 -0.12573331594467163 0.015561898238956928 -0.12504658102989197 0.11952297389507294 -2.2392957914183347e-19 -0.1604853868484497 0.21878604590892792 -0.09034040570259094 0.26424750685691833 0.026022670790553093 0.09999193996191025 -0.06793500483036041 0.05559711530804634 0.13382434844970703 0.1431248039007187 -0.21869134902954102 0.01311122253537178 -0.17703214287757874 0.07678995281457901 0.14433105289936066 -0.1420290470123291 0.07203863561153412 -0.19713042676448822 0.11492745578289032 -0.20979292690753937 0.08795300126075745 0.0500275120139122 -0.21959476172924042 7.286437078701802e-13 0.14845024049282074 -5.585350500787907e-14 0.11561685055494308 -0.0676623284816742 0.008851424790918827 0.053226958960294724 -0.07440841197967529 1.1890294273458542e-18 -0.3275662660598755 0.16028179228305817 0.09205564111471176 -0.028283419087529182 -0.06831303983926773 0.05418333411216736 -0.022757135331630707 -0.12097859382629395 -0.15706506371498108 0.13353100419044495 0.07829562574625015 0.11503037065267563 0.03782084956765175 -0.16224077343940735 0.12528067827224731 -0.18990910053253174 -0.1626298874616623 0.038457244634628296 0.054382000118494034 -0.146200031042099 0.04479995742440224 0.07030287384986877 0.1513642817735672 5.756390915150067e-13 -0.12875965237617493 -6.178273225052738e-14 0.04499245807528496 0.13429728150367737 -0.08966732770204544 0.15214748680591583 -0.036773376166820526 3.629172994996978e-19 -0.25710728764533997 0.05781690403819084 0.02982161194086075 0.24389393627643585 -0.04124502092599869 0.10311833024024963 -0.07310814410448074 -0.2069142460823059 0.18378175795078278 -0.11701925098896027 -0.2135930210351944 0.17941497266292572 -0.19798092544078827 0.14169622957706451 -0.13141970336437225 -0.07138509303331375 0.18172937631607056 0.20629529654979706 0.19057464599609375 -0.22566655278205872 -0.14865241944789886 0.17580783367156982 -0.11005264520645142 -1.1649678290012406e-19 -0.05630018562078476 -8.644006344038502e-11 0.017392320558428764 0.10227200388908386 -0.09197564423084259 -0.10805860906839371 -0.00450925063341856 -3.156363226005356e-18 -0.07966749370098114 0.11801999807357788 0.012119400314986706 -0.03950214013457298 0.050676215440034866 0.06189357116818428 0.06697556376457214 -0.12600381672382355 -0.06396286189556122 0.05502568185329437 0.019745061174035072 -0.07035573571920395 0.20676863193511963 0.05583302304148674 0.0539727546274662 0.10385080426931381 0.1263013780117035 -0.13487178087234497 0.10394787043333054 -0.0610218420624733 0.14624764025211334 0.09386581927537918 -0.014766519889235497 -8.265752197422154e-20 0.08707845211029053 6.480591099251591e-20 0.006965083070099354 -0.05550063028931618 -0.0308462493121624 0.04772000014781952 0.022526027634739876 -4.590040728693236e-19 -0.05709461867809296 0.11336550116539001 0.010509048588573933 0.0740881934762001 0.12177914381027222 0.047583308070898056 -0.01052250899374485 -0.12086459249258041 -0.11997382342815399 0.08310654759407043 -0.11501964181661606 0.10072450339794159 0.08402059972286224 -0.055876899510622025 -0.1292412281036377 -0.10325101763010025 0.1102849692106247 -0.06108887493610382 -0.08177638798952103 -0.08672133833169937 0.09661388397216797 0.014874611981213093 -0.07875367254018784 -3.343034738465846e-14 0.07216799259185791 2.5216551342842295e-18 -0.11052754521369934 -0.04831186681985855 0.0671190619468689 -0.07803703844547272 0.1288081407546997 1.220114675959394e-08 -0.018346723169088364 0.1353071630001068 -0.027279289439320564 0.1454651653766632 0.09602200984954834 0.11164549738168716 -0.003611682914197445 0.1793414056301117 -0.20372380316257477 0.06731808930635452 0.2080782800912857 0.15420691668987274 0.1526366025209427 -0.13231293857097626 -0.16525228321552277 0.11449136584997177 0.165480375289917 -0.20712362229824066 -0.06536756455898285 -0.10826745629310608 -0.1428583711385727 0.20605692267417908 0.2042357325553894 1.602784197807659e-16 0.007333020213991404 8.750248789435311e-14 0.03472026064991951 0.07483504712581635 -0.030057530850172043 -0.037538234144449234 -0.004420581739395857 1.1808055356573061e-17 -0.3334560692310333 0.034504204988479614 0.07933579385280609 0.19665926694869995 0.1475071758031845 0.06153784692287445 0.012757367454469204 0.11682015657424927 -0.2153482735157013 0.1100609302520752 -0.22496071457862854 0.15104787051677704 0.12323006242513657 -0.04584195464849472 0.13827486336231232 0.09026528149843216 -0.22493219375610352 -0.24058449268341064 0.09868738055229187 0.06802196055650711 0.17799851298332214 0.024132631719112396 -0.1288529336452484 1.1508837216567258e-09 0.023041920736432076 8.632616815729652e-21 -0.13195767998695374 -0.11173483729362488 -0.03711894527077675 0.0022742310538887978 -0.06393776834011078 -1.1812994245215462e-18 -0.03904448077082634 0.0807814747095108 0.07364711910486221 0.2287966012954712 0.03300463780760765 0.01423067506402731 0.05219321697950363 -0.012182924896478653 -0.07863972336053848 -0.18341763317584991 0.09101447463035583 -0.22616973519325256 0.023257045075297356 -0.2240181416273117 0.08468255400657654 -0.22519484162330627 -0.18919815123081207 0.05261334404349327 -0.02370159700512886 0.03054174594581127 0.013907975517213345 0.0035334317944943905 -0.036451902240514755 6.340811393740903e-14 -0.028224173933267593 -2.0023474545105557e-10 0.009118334390223026 0.060740694403648376 -0.04149652644991875 -0.04264552891254425 -0.0797533467411995 9.734803549610272e-16 -0.22412344813346863 0.22413374483585358 0.13612249493598938 0.13121232390403748 -0.028427457436919212 0.09677062183618546 0.08272965252399445 0.09908624738454819 0.16151486337184906 0.06658890843391418 -0.2017008662223816 -0.2535126209259033 0.2063668817281723 0.08751446008682251 -0.031032055616378784 -0.2094980627298355 -0.19011789560317993 -0.21814927458763123 -0.18733453750610352 0.1716643124818802 -0.2332775890827179 0.1844165176153183 -0.06267360597848892 -6.428110044254254e-09 0.020564891397953033 -9.41446618588067e-19 0.1302797943353653 -0.0375252291560173 0.09491145610809326 0.15153038501739502 -0.0817856639623642 4.723805470397197e-17 -0.21713954210281372 0.0402078740298748 -0.1352880448102951 0.14367680251598358 0.01964559778571129 -0.01072589959949255 -0.05048223212361336 0.028065377846360207 0.09398143738508224 -0.17739275097846985 0.1359986960887909 -0.17338646948337555 -0.08478572964668274 0.18922440707683563 -0.1710604876279831 -0.0181148461997509 0.2082124799489975 0.16461636126041412 0.14827774465084076 0.1641201376914978 -0.2077198475599289 0.12028582394123077 -0.1227775514125824 1.0290138452387028e-19 -0.1674792617559433 -4.0456167305080726e-09 0.10413876175880432 0.13748694956302643 0.12762679159641266 -0.10238271206617355 -0.0006701385136693716 -4.315375613090156e-18 -0.2330731898546219 0.23620958626270294 0.02076771855354309 0.014980907551944256 -0.04534563049674034 0.1320170909166336 0.013941286131739616 0.03606252744793892 0.1081344410777092 0.1541786789894104 -0.2591211795806885 0.14815008640289307 0.07981530576944351 0.16201943159103394 -0.16759942471981049 -0.1941981166601181 0.15713772177696228 -0.02867189049720764 -0.20128683745861053 -0.22904019057750702 0.03608023002743721 -0.1726483404636383 0.16765493154525757 -4.126431844751406e-20 0.09431053698062897 -1.6431982573035297e-16 -0.027638450264930725 0.0871959701180458 0.11508442461490631 -0.08905258774757385 -0.05525714531540871 -2.205078948392196e-19 -0.1677069365978241 -0.005451681092381477 -0.0457598976790905 0.2732968032360077 0.04893955960869789 -0.0253050047904253 0.1590202897787094 -0.1576727330684662 0.07866019755601883 -0.19737111032009125 0.1150876134634018 0.09451139718294144 0.1300925314426422 0.1337660849094391 -0.14584295451641083 0.11259729415178299 -0.11421889066696167 0.13720664381980896 0.0965108722448349 -0.17867641150951385 -0.09379653632640839 -0.1992410570383072 0.09767155349254608 -1.4842658785482742e-19 -0.07165278494358063 -4.487931485928159e-19 0.14298254251480103 0.1434570699930191 -0.13816246390342712 -0.04998215660452843 0.0013044514926150441 -9.40079784850223e-12 -0.08235413581132889 0.03980322927236557 0.02017209306359291 0.10852883756160736 0.06040642783045769 0.04623236134648323 0.02146950736641884 -0.11235079914331436 -0.03662078082561493 0.11044298857450485 -0.12599250674247742 0.13525712490081787 -0.03703155368566513 -0.05867379903793335 -0.046938586980104446 -0.06794065237045288 0.08064939826726913 -0.06734762340784073 0.09554048627614975 0.06344473361968994 -0.1140795350074768 -0.05627531558275223 0.14828363060951233 1.0807204700255952e-16 -0.15784938633441925 -7.316788885210241e-18 0.09198497235774994 -0.05278005078434944 -0.08419106155633926 -0.00556669756770134 0.09446422755718231 -7.752168033550197e-20 -0.029910992830991745 0.18483096361160278 -0.019088298082351685 0.2551496922969818 -0.05017969757318497 0.10200866311788559 -0.08386398106813431 -0.175090953707695 0.09362488240003586 -0.20927643775939941 0.15934720635414124 0.07714588940143585 0.07391192764043808 0.12251798063516617 -0.21451112627983093 0.10933712869882584 -0.25217193365097046 0.13279463350772858 0.10093121230602264 -0.2204735428094864 0.12529820203781128 -0.20298343896865845 0.13539965450763702 -1.8832882572776586e-17 0.03817601874470711 2.4550136384266246e-19 0.00291179190389812 0.1023101732134819 0.008486265316605568 0.09627693891525269 -0.13801728188991547 3.7406327391051427e-19 -0.1939476877450943 0.21264877915382385 -0.06848275661468506 0.18585993349552155 0.07066655904054642 0.13976670801639557 -0.05612850561738014 -0.16406399011611938 -0.1979181468486786 -0.14546635746955872 0.12752637267112732 -0.26655229926109314 -0.21126696467399597 0.19130755960941315 0.15390545129776 0.19814418256282806 0.15425346791744232 0.14667223393917084 -0.23479409515857697 0.18983787298202515 -0.24434898793697357 -0.23698532581329346 0.08341509848833084 -2.2024259749287012e-08 0.12987297773361206 9.016105462049395e-13 0.08779054135084152 -0.057499196380376816 -0.015788068994879723 0.02548860013484955 -0.0795518010854721 -5.836573477477092e-20 -0.2615734934806824 0.06642892956733704 -0.0010428434470668435 0.1675819754600525 -0.07338903099298477 0.0171809159219265 0.08147471398115158 0.12756241858005524 -0.11011094599962234 -0.14173835515975952 0.09093722701072693 0.08963236212730408 -0.16351671516895294 -0.1951703429222107 -0.11957359313964844 0.11010464280843735 0.13088369369506836 0.05362110957503319 0.1458795815706253 0.1401955932378769 0.14924165606498718 0.10834204405546188 -0.14805565774440765 -1.7924706605991473e-19 -0.027836907655000687 -1.3772952922212956e-16 -0.07961127907037735 -0.1113307848572731 -0.1225610226392746 0.09166241437196732 0.04443826153874397 1.1867975559140239e-15 -0.1572001427412033 0.26692527532577515 0.05292869359254837 0.12286920100450516 -0.0327974408864975 0.1161087304353714 -0.12940405309200287 -0.1834862381219864 -0.1314537525177002 0.23378294706344604 -0.19461798667907715 -0.19538846611976624 -0.1771141141653061 0.11792875081300735 0.13009105622768402 0.2050628513097763 0.17080499231815338 -0.2055964320898056 0.17314036190509796 -0.19863705337047577 0.10040955990552902 -0.24079690873622894 0.18841582536697388 -9.472166686497189e-20 0.05531550198793411 -3.378094959316513e-08 0.04879973456263542 0.10825182497501373 0.027927009388804436 0.10654158145189285 -0.005736845079809427 -3.199085476131889e-21 -0.2737884223461151 0.06776884943246841 -0.008032702840864658 0.1965019255876541 -0.06909816712141037 0.0027530088555067778 -0.016972705721855164 0.13282321393489838 0.14475178718566895 0.07163900136947632 0.05624718964099884 -0.02634919062256813 -0.14386720955371857 -0.07053899765014648 0.16868765652179718 -0.19038188457489014 0.10540184378623962 -0.1488664597272873 0.15611207485198975 -0.14152444899082184 0.16937188804149628 -0.06352047622203827 -0.02612905390560627 -1.5868548498794803e-17 -0.0486358106136322 1.6611014546286554e-20 0.005832526367157698 0.11621423810720444 0.005565508734434843 -0.11028853803873062 0.11787519603967667 -3.2165489390735026e-19 -0.024162935093045235 0.1418812870979309 -0.1015525832772255 0.08934494107961655 0.012270419858396053 0.18602845072746277 -0.08770237118005753 -0.1861075460910797 -0.1552981287240982 0.1559695154428482 -0.18697082996368408 0.14613163471221924 -0.1145058125257492 0.0851595476269722 0.044223081320524216 0.14562678337097168 0.08950502425432205 0.11814067512750626 0.11729254573583603 0.14625629782676697 0.027103623375296593 -0.20412108302116394 0.1767314374446869 4.8432177379709174e-08 -0.05526711419224739 -5.856574446194683e-20 0.17143121361732483 0.020316623151302338 0.13148343563079834 0.14892026782035828 -0.020260045304894447 9.273580008468813e-20 -0.1983959674835205 0.22001156210899353 -0.10207030177116394 0.14526066184043884 0.1142626404762268 -0.08713709563016891 -0.0466010607779026 0.12907736003398895 -0.036132778972387314 0.05682915821671486 -0.180578351020813 -0.06524708122015 0.03086749091744423 -0.1138477623462677 -0.030948828905820847 0.028965873643755913 -0.19647157192230225 -0.08285927027463913 0.08241745829582214 -0.035145312547683716 0.03378421440720558 0.01666077971458435 -0.008420754224061966 -4.1784889676773284e-16 0.015557551756501198 3.400748127546649e-08 -0.14388005435466766 0.16104720532894135 0.1306336373090744 -0.022340040653944016 0.010454104281961918 4.1598432206560715e-19 -0.15230785310268402 -0.028746897354722023 -0.12341898679733276 0.26662081480026245 0.0022848378866910934 0.09080783277750015 -0.07923133671283722 0.13782811164855957 0.03912292420864105 0.11357846856117249 0.12987101078033447 0.07670009136199951 0.0643114373087883 -0.16041646897792816 -0.02397884614765644 -0.17103295028209686 -0.09753797948360443 0.06548365205526352 -0.17423492670059204 0.1474546492099762 -0.13795901834964752 0.15103261172771454 -0.14806820452213287 -1.9125417124576244e-13 0.01899857446551323 1.0359310631535834e-10 0.10534147173166275 -0.0033788529690355062 -0.08282837271690369 0.0215616412460804 -0.08311167359352112 3.593489897820882e-16 -0.016250962391495705 0.18469594419002533 0.007664052303880453 0.10003931075334549 -0.09026532620191574 -0.018779637292027473 0.02312972955405712 0.04760019853711128 -0.029868589714169502 0.10304991155862808 -0.0939105749130249 -0.09866371005773544 0.12253286689519882 0.027004167437553406 -0.03764818608760834 -0.012927096337080002 0.010665406472980976 -0.039152078330516815 0.04953096807003021 0.1294207125902176 0.060332633554935455 -0.06486248970031738 -0.026706291362643242
b1 32
-0.05179211497306824 -0.006990750320255756 0.23381780087947845 0.04412924125790596 0.13259389996528625 -0.0831887498497963 -0.039155907928943634 -0.05031288042664528 0.03623001649975777 0.1998155415058136 0.2232573926448822 0.004749464802443981 -0.05251549929380417 0.13654227554798126 -0.020274437963962555 0.15293952822685242 0.13270018994808197 0.17720982432365417 0.0298208799213171 -0.058363545686006546 0.1352173238992691 -0.0004000824992544949 -0.11688686162233353 0.18628749251365662 0.06988729536533356 0.06733456254005432 -0.04853807017207146 0.13256685435771942 0.14267072081565857 0.22027651965618134 0.04775139316916466 -0.03943217173218727
W2 1024
0.10996904224157333 0.07896298915147781 0.01107590552419424 0.15879976749420166 0.13790985941886902 -0.04147633537650108 -0.050566285848617554 0.20508220791816711 0.013918659649789333 0.21261045336723328 0.027155473828315735 0.1454104632139206 0.07699748128652573 0.14525765180587769 -0.024505991488695145 -0.09462269395589828 -0.007817257195711136 0.20827659964561462 -0.05749455839395523 0.07536039501428604 0.08627108484506607 0.11760503798723221 0.10887771099805832 0.10518678277730942 0.2146291434764862 0.01811826415359974 -0.03531431034207344 -0.01344009768217802 0.1508917361497879 0.1435890644788742 0.20163610577583313 -0.03083721734583378 0.2326788306236267 -0.010093332268297672 -0.08839244395494461 -0.030151773244142532 -0.03807634487748146 0.07247146219015121 0.1679588258266449 0.07448982447385788 0.09208612889051437 0.13694380223751068 0.1032613217830658 0.2009432464838028 0.046600233763456345 0.17368359863758087 0.1726297289133072 0.17368561029434204 0.11361353099346161 0.13801229000091553 -0.031071128323674202 0.019525358453392982 0.0709000825881958 0.16395220160484314 -0.01606656238436699 0.09775993973016739 0.16759373247623444 0.10879331827163696 0.03700684756040573 0.11418873816728592 -0.021386347711086273 0.20163826644420624 0.012569539248943329 0.10466144233942032 0.1470109075307846 -0.016597930341959 0.18710292875766754 0.1059630885720253 0.06317650526762009 0.18605013191699982 0.06024603173136711 0.19634804129600525 0.04433047026395798 0.1383582502603531 0.026869840919971466 0.23162107169628143 0.052133265882730484 0.15864303708076477 0.14485979080200195 0.1933252066373825 0.01718570478260517 0.025036482140421867 0.08702573925256729 -0.020673073828220367 0.05137813463807106 0.0739116445183754 -0.04955339804291725 0.20059244334697723 0.017403043806552887 0.23327867686748505 0.10797499120235443 0.013966026715934277 0.08773961663246155 0.06358563154935837 0.008068924769759178 0.09544842690229416 0.005461825989186764 0.11903659999370575 -0.14144009351730347 -0.12097056210041046 -0.09485644847154617 0.08437588810920715 0.0732390359044075 0.01901692897081375 0.011568773537874222 0.03705942630767822 -0.15639573335647583 -0.14321212470531464 -0.0665036216378212 0.0996011421084404 0.08871058374643326 0.01616152562201023 -0.12671473622322083 -0.14819379150867462 0.06590283662080765 0.02667885459959507 -0.058098483830690384 0.08880093693733215 -0.11407338082790375 0.010213779285550117 -0.10212933272123337 -0.031156470999121666 -0.11166507750749588 0.12493755668401718 -0.15808434784412384 -0.14005787670612335 -0.04723355919122696 -0.11374001950025558 -0.002635237295180559 -0.04452260956168175 -0.008446033112704754 0.06303874403238297 -0.12416361272335052 -0.08607198297977448 -0.009085189551115036 0.22505071759223938 0.06804312020540237 0.19158342480659485 0.1208217442035675 0.009574980475008488 0.2338794618844986 0.10665971785783768 0.03483572229743004 0.05980090796947479 0.21124617755413055 0.22304058074951172 0.20194634795188904 0.14976774156093597 0.156513974070549 0.21133878827095032 0.0739961788058281 0.1303253471851349 0.1521155834197998 0.12785573303699493 0.138608917593956 0.08373983204364777 -0.11813405156135559 0.20435842871665955 0.011806770227849483 0.07663944363594055 0.025699250400066376 -0.02776871807873249 0.027751166373491287 -0.010269688442349434 -0.04118404909968376 -0.021991059184074402 -0.014850410632789135 0.039955925196409225 -0.017349811270833015 -0.050424642860889435 0.05733202397823334 -0.0279570110142231 0.08696859329938889 0.00802972074598074 -0.01169687882065773 -0.011972814798355103 -0.013563877902925014 -0.025691291317343712 0.011006549932062626 0.04864148423075676 -0.016431491822004318 0.0656023621559143 0.025186901912093163 -0.023152342066168785 0.01629210263490677 0.047854986041784286 -0.006824132055044174 0.0012907175114378333 0.08244962990283966 -0.0521797314286232 0.04330219700932503 0.031319908797740936 0.04984686151146889 -0.0454225018620491 -0.07776636630296707 0.01069620531052351 -0.03326310217380524 0.15931029617786407 0.04390746355056763 0.12168537825345993 0.15016336739063263 0.11258261650800705 0.12776954472064972 0.13533586263656616 0.2121255248785019 0.10585220903158188 0.17540861666202545 0.013208530843257904 0.23788262903690338 0.053626127541065216 0.04429170489311218 -0.01561648864299059 0.06192392110824585 0.03896159306168556 -0.05143469572067261 0.2791535556316376 0.2137022465467453 0.0735233873128891 0.08168444037437439 0.12571227550506592 0.21932537853717804 0.1297929286956787 0.19531908631324768 0.0885305404663086 0.1535741537809372 0.1030360758304596 0.12236308306455612 -0.07142657786607742 0.18828627467155457 0.22349391877651215 -0.04041104391217232 0.06268268823623657 0.1969892829656601 0.14761722087860107 -0.023751061409711838 0.03072509355843067 -0.03482360765337944 -0.09723078459501266 -0.03015398420393467 -0.023399019613862038 -0.035916026681661606 0.09363485872745514 0.05337566137313843 -0.09175944328308105 0.0636424794793129 0.1486174464225769 -0.08789292722940445 0.2169259935617447 0.02561677061021328 0.04670419543981552 0.14558453857898712 0.1938817948102951 -0.03603951632976532 0.11615516245365143 -0.05261525884270668 0.10751736909151077 -0.14454641938209534 0.1456765979528427 0.1363702118396759 -0.021446092054247856 0.111728735268116 0.029882242903113365 0.16626475751399994 -0.17707835137844086 -0.005820771679282188 -0.1829751580953598 -0.13840556144714355 -0.15850003063678741 -0.23600633442401886 0.17421291768550873 0.004708666354417801 0.07542886584997177 0.06424950063228607 0.12837998569011688 -0.09713763743638992 0.11128838360309601 -0.14462654292583466 -0.09787698090076447 0.005692836828529835 -0.1432640701532364 -0.06568489223718643 -0.03913010284304619 -0.06416340172290802 -0.12804022431373596 -0.02835138514637947 0.04767277091741562 -0.026676706969738007 0.06986469775438309 0.05924146994948387 -0.07991836220026016 0.014504030346870422 0.24430182576179504 0.06602603197097778 0.1726629137992859 -0.08841457962989807 -0.029354838654398918 0.1079324409365654 0.08080439269542694 0.2165377289056778 -0.021133985370397568 0.2215566188097 0.05461408197879791 -0.07475461065769196 -0.03874688968062401 0.10349559783935547 -0.0979173332452774 0.1475396752357483 0.20408610999584198 0.20492804050445557 0.009564654901623726 0.13739700615406036 0.024084603413939476 0.12137776613235474 0.20315280556678772 0.21992264688014984 0.05116954445838928 -0.029732273891568184 -0.04372098669409752 -0.030762270092964172 0.13405877351760864 -0.037716690450906754 -0.11262312531471252 0.18621525168418884 0.09316402673721313 -0.08046457171440125 0.19856590032577515 0.053651779890060425 0.24439238011837006 -0.04112916439771652 0.2089613378047943 0.03666752949357033 -0.08279906213283539 0.2320409119129181 0.0035988008603453636 0.06863008439540863 0.0040947129018604755 0.14576023817062378 0.10280407220125198 0.02353036031126976 0.12003733962774277 0.23836059868335724 -0.0986534059047699 -0.009680164977908134 0.08992724865674973 0.0007551738526672125 0.0015811945777386427 0.05049217492341995 0.1578141450881958 0.1656501442193985 0.11073841154575348 0.2246493399143219 -0.018150003626942635 0.21133358776569366 -0.02276153676211834 -0.07525571435689926 0.0912211462855339 0.09617602080106735 0.1576598435640335 0.11765693873167038 -0.03472055494785309 0.23279862105846405 0.19591350853443146 -0.025234097614884377 0.030516881495714188 0.0021819171961396933 -0.0888228788971901 0.08589229732751846 0.17082971334457397 0.06651537120342255 0.035788215696811676 0.049904871731996536 0.1387416273355484 0.15056972205638885 0.20716863870620728 -0.10147110372781754 -0.04549286141991615 0.16344718635082245 0.12901915609836578 0.08352573961019516 0.026495790109038353 0.01570894382894039 0.1009071096777916 0.03709551319479942 0.053986262530088425 0.251478374004364 0.14936095476150513 0.20840251445770264 0.22388875484466553 0.017067881301045418 0.1540096402168274 0.07835141569375992 0.006069257389754057 0.11551328003406525 0.09582612663507462 0.17576919496059418 0.1063515841960907 0.1068345457315445 -0.0007928985869511962 0.018836747854948044 0.22122229635715485 0.13931618630886078 0.0725783258676529 0.10501271486282349 -0.016562359407544136 0.11999881267547607 0.12368221580982208 0.02125679887831211 0.09555782377719879 0.22104325890541077 0.07817018777132034 -0.034390341490507126 -0.01932189054787159 -0.0035044944379478693 -0.03343227505683899 -0.02360335737466812 0.01608455181121826 0.07054945081472397 0.03822466731071472 0.021711772307753563 -0.17028413712978363 -0.1310274749994278 0.05649255961179733 -0.061837002635002136 0.005264877807348967 0.07005428522825241 0.12457427382469177 0.053656600415706635 -0.14160193502902985 -0.12801103293895721 0.08642759174108505 -0.16996505856513977 -0.04254680871963501 -0.012669110670685768 -0.08964107185602188 -0.16741503775119781 -0.024190206080675125 0.08396388590335846 0.1309879571199417 0.06848744302988052 0.0255904383957386 -0.07298387587070465 -0.14974042773246765 0.008571683429181576 -0.025985397398471832 -0.12893132865428925 0.08361423760652542 0.10612831264734268 0.13203047215938568 0.05574765056371689 0.07202479988336563 0.09121433645486832 0.1311919093132019 0.12311290949583054 0.017384745180606842 -0.06225951015949249 0.18259674310684204 -0.02130757085978985 0.25422510504722595 0.17261847853660583 0.022883903235197067 -0.03628559038043022 0.037260621786117554 0.1678985059261322 0.19460557401180267 0.12256017327308655 0.03831208869814873 -0.02890671044588089 -0.00923614576458931 0.08849003911018372 0.1546151340007782 0.046346213668584824 -0.022270765155553818 -0.05344444513320923 0.05578647181391716 0.08879763633012772 -0.048515789210796356 0.019377192482352257 0.017158448696136475 -0.017398085445165634 0.0028662204276770353 0.2715460956096649 -0.01014200784265995 -0.01640971191227436 0.015880161896348 0.11121639609336853 0.11892365664243698 0.017047086730599403 0.02276277169585228 0.16832681000232697 0.05288113281130791 0.23515039682388306 0.10901568830013275 0.2460387945175171 0.09118352085351944 0.11368290334939957 0.05808572098612785 0.17083309590816498 0.05378126725554466 0.25753533840179443 0.15615417063236237 0.19774621725082397 0.0490141324698925 0.186668261885643 0.03356623277068138 0.13614006340503693 0.11469623446464539 -0.017107848078012466 0.04192611575126648 0.09917756170034409 0.04596009850502014 0.03668872267007828 0.12738291919231415 0.19591154158115387 -0.021877096965909004 0.08190467953681946 -0.04977060481905937 -0.0875750482082367 0.08110710233449936 -0.012370613403618336 0.22396130859851837 0.20403479039669037 -0.016535984352231026 0.2517247498035431 0.1475590467453003 0.13009537756443024 0.13051125407218933 0.18943950533866882 0.0509735532104969 -0.02784019522368908 -0.06520013511180878 0.2333710640668869 0.06739752739667892 0.20032170414924622 0.20413151383399963 0.005171180237084627 -0.06012042239308357 0.1207779198884964 0.14792148768901825 0.10159730166196823 -0.07650087028741837 -0.021511929109692574 0.1716964989900589 0.14699755609035492 0.16589640080928802 -0.1066058874130249 0.021674614399671555 0.08405806124210358 -0.010746831074357033 0.13636386394500732 0.061699554324150085 -0.12582460045814514 -0.05712171643972397 0.01719352975487709 -0.0955919548869133 0.11645553261041641 -0.14990243315696716 -0.11406709998846054 -0.012951649725437164 0.05973318964242935 0.061132434755563736 -0.05179598927497864 0.05441373959183693 -0.05565134063363075 -0.06851814687252045 0.06386642903089523 0.12171640247106552 0.0037863668985664845 0.06386628746986389 0.09938768297433853 -0.1303761750459671 -0.007012569811195135 -0.021552352234721184 0.025953929871320724 -0.05603492259979248 0.06863182783126831 -0.09912821650505066 -0.034116700291633606 -0.07758069783449173 -0.03162325918674469 0.0035189513582736254 0.04243537038564682 0.04729621484875679 0.06804215162992477 0.030948834493756294 -0.01649385690689087 -0.057235900312662125 -0.0745144709944725 0.044479068368673325 0.10030067712068558 -0.09393272548913956 0.09044588357210159 -0.025276899337768555 0.09710654616355896 -0.05422117933630943 0.022864991798996925 -0.08894360065460205 0.03416544571518898 -0.051185525953769684 0.003442231332883239 0.11959041655063629 -0.022439496591687202 -0.013124894350767136 -0.010359314270317554 0.052045464515686035 0.07876255363225937 -0.09197433292865753 -0.053862955421209335 -0.005194102413952351 -0.16176919639110565 0.07217078655958176 0.21121154725551605 -0.053387485444545746 0.14433956146240234 0.08125966787338257 -0.029329294338822365 -0.05999238044023514 0.02000371180474758 -0.10519691556692123 -0.07728318870067596 -0.12698639929294586 -0.2502179443836212 0.022015642374753952 -0.017962196841835976 0.12570004165172577 -0.1287260353565216 0.17340487241744995 -0.11578860133886337 -0.1551056206226349 -0.017258629202842712 -0.04450248181819916 0.0612594373524189 -0.08801405131816864 0.056234054267406464 -0.050073858350515366 0.0008766297250986099 0.005842301063239574 0.1484072506427765 0.016595836728811264 0.021700307726860046 0.05033314228057861 0.009058862924575806 0.13783571124076843 -0.184760183095932 -0.1029658168554306 -0.021187731996178627 -0.03844664618372917 -0.0926860123872757 0.10667869448661804 0.10205438733100891 0.12276933342218399 0.003435339080169797 -0.15717147290706635 0.06226753816008568 -0.13811717927455902 -0.08866637200117111 0.0642244890332222 0.09755394607782364 -0.14970406889915466 -0.18135885894298553 -0.14677400887012482 0.04330741614103317 -0.029979441314935684 -0.1625019609928131 -0.13178923726081848 0.06566236913204193 -0.07801038026809692 0.10982760787010193 -0.08218055963516235 -0.016736777499318123 0.030228331685066223 0.10909616202116013 0.04829169064760208 0.02242337539792061 0.08032020181417465 -0.08735990524291992 0.07374004274606705 0.017397725954651833 -0.052005834877491 0.08627156168222427 0.06390859931707382 0.03450784832239151 -0.15219423174858093 0.03257886320352554 -0.015390424989163876 0.0024694190360605717 -0.12006775289773941 -0.0355677455663681 -0.11364426463842392 0.1038079708814621 -0.07566385716199875 -0.015221480280160904 -0.10473224520683289 0.03820924460887909 -0.10908204317092896 0.01770145632326603 0.060120586305856705 0.014660697430372238 -0.0671028420329094 -0.08543625473976135 0.09316162765026093 -0.0928099974989891 -0.11676472425460815 0.01825183629989624 0.062607541680336 -0.03002459928393364 0.10185955464839935 -0.087877556681633 0.07848312705755234 0.0829574391245842 -0.01198691874742508 0.059311918914318085 -0.034407567232847214 -0.05016443133354187 -0.01681302860379219 -0.05463706701993942 -0.0608941949903965 0.02335730381309986 -0.027078671380877495 0.02157936617732048 0.07785863429307938 0.04077071323990822 -0.03988475352525711 0.05977068841457367 0.005621630232781172 -0.0655561238527298 -0.0508233904838562 -0.03839139640331268 -0.014591971412301064 0.07374589890241623 -0.04835742712020874 -0.03286655619740486 0.040648203343153 -0.04189353436231613 0.060892052948474884 -0.001017657807096839 1.8687007468543015e-05 0.04809874668717384 -0.02962622418999672 -0.0368652269244194 -0.09382016211748123 -0.007869740948081017 -0.060103923082351685 -0.07785068452358246 -0.028346488252282143 0.08042993396520615 -0.05346172675490379 0.013199933804571629 0.02130773477256298 -0.09465347975492477 0.061948537826538086 0.0017612290102988482 -0.02492411807179451 -0.05187993124127388 0.01613248884677887 -0.012322494760155678 0.06456883251667023 -0.08361398428678513 0.045638155192136765 -0.042666636407375336 0.05805632099509239 0.027300601825118065 -0.02473124861717224 0.019242899492383003 -0.006427783519029617 0.13303576409816742 -0.019998686388134956 -0.04047195613384247 -0.006229018792510033 0.09791219979524612 -0.0077025205828249454 0.2030688375234604 0.05250592902302742 -0.08847029507160187 0.21124635636806488 -0.09606004506349564 0.08010697364807129 0.050072796642780304 0.03298398479819298 0.09832894802093506 0.23517656326293945 0.19749370217323303 -0.07902280241250992 0.10811951011419296 0.020385995507240295 -0.010723024606704712 -0.09010836482048035 -0.014850496314466 0.05517762526869774 0.036887384951114655 0.22428594529628754 -0.0696222335100174 0.10613171011209488 0.16146127879619598 -0.016759688034653664 0.06946469098329544 0.1420791894197464 0.20934757590293884 0.00764482282102108 0.012751983478665352 -0.0939265564084053 -0.021380065008997917 0.06344949454069138 0.1248633861541748 -0.031066330149769783 0.08747777342796326 0.16200192272663116 0.023976866155862808 0.13969922065734863 -0.07231346517801285 -0.00881562102586031 -0.00760564673691988 0.08080834895372391 0.18249410390853882 -0.08746267855167389 -0.1010902002453804 0.20218414068222046 0.13622501492500305 0.13941718637943268 -0.02903362177312374 0.11198671162128448 0.18828748166561127 -0.017763307318091393 0.1933375746011734 0.24443383514881134 0.19283951818943024 0.22664836049079895 0.22278815507888794 -0.016038721427321434 0.11348880082368851 0.15359856188297272 0.19272089004516602 -0.042556703090667725 -0.014558172784745693 -0.14279325306415558 0.07382862269878387 -0.02967076189815998 0.15070030093193054 0.13390378654003143 0.18861407041549683 0.14647544920444489 0.08057993650436401 0.08162201195955276 -0.028994884341955185 0.05138811841607094 0.1817445009946823 0.20083285868167877 0.034014742821455 0.03810034692287445 0.22384122014045715 0.011315256357192993 0.24500994384288788 0.09799057245254517 0.006979880854487419 0.0759916752576828 0.025313284248113632 -0.055280495434999466 -0.05902740731835365 0.1835513412952423 0.1482623815536499 0.2172544151544571 -0.03146737068891525 0.2342403382062912 0.04794164374470711 -0.05786052346229553 0.21914319694042206 0.011434094980359077 0.18074633181095123 0.06877768039703369 0.016595687717199326 0.029633821919560432 0.06549444794654846 0.21304655075073242 0.030073881149291992 0.16528809070587158 0.10785116255283356 0.20585225522518158 0.06604182720184326 0.104073666036129 0.1947888880968094 0.0559937059879303 0.17666186392307281 -0.032371886074543 0.0063059283420443535 0.010692591778934002 0.12505938112735748 0.18876665830612183 0.015978122130036354 0.18673889338970184 0.005008026957511902 0.16640955209732056 -0.023632852360606194 -0.058087822049856186 0.15229550004005432 0.07863710820674896 0.061465103179216385 0.09694171696901321 -0.04858556389808655 0.1296536922454834 -0.03666441887617111 0.05252167582511902 0.09166102856397629 -0.08800270408391953 -0.08894634991884232 -0.08147404342889786 0.031052973121404648 -0.07823267579078674 -0.0983773022890091 0.07771944254636765 -0.10136410593986511 0.038043417036533356 0.06640177220106125 -0.04631512239575386 -0.1301378309726715 0.08391289412975311 -0.13320887088775635 0.056075457483530045 0.013207743875682354 0.0013996491907164454 -0.0365765206515789 -0.13617831468582153 -0.13123279809951782 0.001467645401135087 -0.05649632215499878 -0.009987079538404942 0.07294009625911713 0.029261033982038498 0.10135655850172043 -0.11017687618732452 0.11941180378198624 0.07585231214761734 -0.017362739890813828 -0.13733164966106415 0.1297300159931183 0.09234479814767838 0.07220347225666046 -0.04396854713559151 -0.1013287603855133 -0.1718587577342987 0.07138369977474213 -0.10839296132326126 -0.09492247551679611 -0.10815421491861343 -0.12080571055412292 0.02105528488755226 -0.09947085380554199 0.09325192123651505 -0.09743023663759232 0.08783980458974838 0.10243900120258331 -0.014639390632510185 0.05146113783121109 0.07801095396280289 0.04307727515697479 0.051781803369522095 -0.08530595153570175 -0.01641787402331829 0.037361353635787964 -0.068581722676754 0.11545351892709732 0.08068693429231644 0.033250730484724045 0.04045681655406952 0.1793438345193863 0.16344116628170013 0.03710860013961792 -0.05500682815909386 -0.012384288012981415 -0.0014638541033491492 0.06203253194689751 -0.06169584393501282 0.06699325889348984 0.09249400347471237 0.18576548993587494 0.004227153025567532 -0.05969856306910515 0.1503654271364212 0.043957360088825226 -0.06508371978998184 0.06357189267873764 0.13509315252304077 0.1162339374423027 0.15254974365234375 0.1383281946182251 0.02525450475513935 0.04636964574456215 0.22973594069480896 -0.07134342938661575 -0.09452924132347107 0.15919552743434906 -0.06392467767000198 0.1352110058069229 -0.012618734501302242 0.07642031461000443 0.040752943605184555 0.20143532752990723 0.11354635655879974 -0.05309237539768219 0.1538701206445694 0.17392610013484955 -0.04174076020717621 0.039610765874385834 -0.033640306442976 0.15400974452495575 -0.01814926415681839 0.20391827821731567 -0.026040172204375267 -0.03149928152561188 0.19550135731697083 -0.05297417193651199 0.04364348202943802 0.2355419099330902 0.16770555078983307 0.06508926302194595 -0.07395108044147491 0.006464172154664993 0.21906861662864685 0.2126837968826294 0.0921894758939743 0.1300896257162094 0.06781214475631714 0.08224429190158844 0.09397970139980316 0.20113687217235565 0.10016731917858124
b2 32
-0.031691182404756546 -0.042908478528261185 -0.06572023034095764 0.17407949268817902 0.07203833013772964 -0.1534600406885147 -0.04565378278493881 0.17134688794612885 0.25840479135513306 0.07634969055652618 0.09211442619562149 0.01029886119067669 -0.08585400134325027 -0.06917507201433182 0.20094852149486542 -0.07330115884542465 0.06601565331220627 -0.002982763107866049 -0.15485750138759613 0.11056235432624817 -0.005654617678374052 -0.07694009691476822 -0.06650865077972412 -0.05094347521662712 0.20240569114685059 -0.09406832605600357 0.08291349560022354 -0.03110579028725624 0.13634181022644043 -0.15875375270843506 0.1291763335466385 0.014178250916302204
W3 32
0.1690511852502823 0.13680458068847656 0.17701706290245056 -0.1313144713640213 0.24632254242897034 0.008224264718592167 0.21890966594219208 0.2127402126789093 -0.34949859976768494 0.21245300769805908 0.23562496900558472 0.19265858829021454 0.2047768086194992 -0.14531056582927704 0.0745503306388855 0.20005320012569427 0.11111307889223099 -0.05222255364060402 -0.07010675221681595 -0.3716791570186615 -0.10471206903457642 -0.06374965608119965 -0.00432068994268775 -0.0961230993270874 0.2347385734319687 0.224176287651062 0.2425241768360138 0.10182652622461319 -0.07323054224252701 -0.15267033874988556 0.20399631559848785 0.2090935856103897
b3 1
0.20044049620628357
feature_cols 32
t4_active t4_pm_min t4_pm_gap t4_pm_mean t4_pm_max t4_llr_abs_min t4_llr_abs_mean t4_llr_abs_max t8_active t8_pm_min t8_pm_gap t8_pm_mean t8_pm_max t8_llr_abs_min t8_llr_abs_mean t8_llr_abs_max branch_0 branch_1 branch_2 branch_3 branch_4 branch_5 branch_6 branch_7 branch_8 branch_9 branch_10 branch_11 branch_12 branch_13 branch_14 branch_15
