input_dim 21
hidden 32
M 16
branch_onehot 1
direction_largest 1
mean 21
2.0 0.5406990647315979 1.8455407619476318 1.463459849357605 2.386263132095337 0.0625 0.0625 0.0625 0.0625 0.0625 0.0625 0.0625 0.0625 0.0625 0.0625 0.0625 0.0625 0.0625 0.0625 0.0625 0.0625
std 21
1.0 0.4364055097103119 1.0446524620056152 0.4141140282154083 0.8355846405029297 0.24206146597862244 0.24206146597862244 0.24206146597862244 0.24206146597862244 0.24206146597862244 0.24206146597862244 0.24206146597862244 0.24206146597862244 0.24206146597862244 0.24206146597862244 0.24206146597862244 0.24206146597862244 0.24206146597862244 0.24206146597862244 0.24206146597862244 0.24206146597862244
W1 672
-1.3812093123565495e-17 -0.08469532430171967 0.23873549699783325 0.015327625907957554 0.22839021682739258 0.15708640217781067 0.17086124420166016 0.1643732786178589 -0.21117109060287476 0.12745405733585358 -0.16201826930046082 -0.16027790307998657 0.1540384441614151 -0.1977425068616867 -0.15159745514392853 -0.2924244701862335 -0.19394470751285553 0.05172264575958252 0.17436371743679047 0.12266074120998383 0.07583051174879074 6.324354560015288e-13 -0.16917160153388977 0.17038370668888092 0.0614115409553051 -0.16639907658100128 -0.1946769654750824 0.00029854432796128094 0.07699393481016159 0.050286415964365005 0.0565589964389801 -0.11008986085653305 0.15498337149620056 -0.061238378286361694 0.27286767959594727 -0.1745002120733261 -0.11712644249200821 -0.1377033293247223 -0.131900817155838 -0.14757998287677765 0.15878728032112122 -0.0704689621925354 -1.6014562006932357e-18 -0.21671916544437408 0.24804571270942688 0.014872230589389801 0.28812164068222046 -0.22267135977745056 -0.2439568042755127 -0.29938390851020813 -0.2780497372150421 0.1438809633255005 0.1952275037765503 0.1006341427564621 -0.19904392957687378 0.2632746696472168 -0.17929811775684357 0.2362518012523651 -0.2943688631057739 -0.22531917691230774 0.10123199224472046 0.22410517930984497 0.23399507999420166 5.387716495164341e-09 -0.15284791588783264 -0.0035300131421536207 0.1688799262046814 0.15994895994663239 -0.2653418779373169 0.242847740650177 -0.2400440275669098 0.24934564530849457 -0.1826382875442505 0.15082572400569916 0.19130666553974152 -0.22624880075454712 -0.23985718190670013 -0.21104322373867035 -0.26143983006477356 -0.24958382546901703 0.07368727028369904 -0.23865097761154175 -0.17650331556797028 0.04605865478515625 -1.6146484824207315e-16 0.00587481539696455 0.15846271812915802 -0.032966677099466324 0.17221200466156006 0.19791263341903687 0.11401758342981339 -0.1233101487159729 0.21061313152313232 -0.1379004567861557 -0.19020625948905945 -0.13874830305576324 -0.18174807727336884 0.09603829681873322 0.1985325813293457 0.1545131951570511 -0.1565169245004654 0.16306094825267792 -0.2408333718776703 -0.1928783655166626 -0.1908847838640213 7.24885818037535e-10 0.03255593404173851 0.049961332231760025 -0.10929865390062332 0.22185978293418884 0.10281477868556976 -0.13828840851783752 -0.18704509735107422 0.05710325762629509 0.1984398514032364 0.14778725802898407 -0.12649810314178467 -0.13164006173610687 0.25388023257255554 -0.09223330765962601 0.08541654050350189 0.1069905161857605 -0.14328593015670776 -0.06466083973646164 -0.10585130006074905 0.030438534915447235 -1.3850936439456432e-19 -0.29846420884132385 -0.03467288985848427 0.1878272294998169 0.1753264218568802 -0.047351621091365814 0.1886458396911621 0.15398691594600677 0.11560813337564468 -0.10031194239854813 -0.1631004512310028 -0.21678540110588074 0.18852588534355164 -0.18694566190242767 -0.10390172153711319 0.06930731981992722 0.20046286284923553 0.20346923172473907 -0.08869316428899765 0.21528419852256775 -0.2151978313922882 3.1246341803702587e-19 -0.21980154514312744 0.09057942032814026 -0.0684104636311531 -0.1106097474694252 0.14764627814292908 0.11477138847112656 -0.10308434814214706 0.13823291659355164 0.2350083738565445 -0.25937989354133606 -0.18344691395759583 0.2534293234348297 -0.26360446214675903 -0.1789594292640686 0.24165278673171997 0.24551625549793243 -0.04543931037187576 -0.09896279126405716 -0.23570533096790314 0.26285967230796814 5.695207860867413e-09 -0.06584583222866058 -0.002692962996661663 -0.08544285595417023 0.025637544691562653 -0.17897874116897583 -0.14927589893341064 0.23476412892341614 -0.10925259441137314 0.14003700017929077 -0.05451365187764168 0.08635994791984558 -0.1606912910938263 -0.223239466547966 0.13667593896389008 0.14337244629859924 -0.14634059369564056 0.06572547554969788 0.11155135929584503 0.055994972586631775 0.0804692804813385 4.791807260636242e-16 -0.1993582844734192 0.09552326798439026 -0.12329605966806412 0.2539936900138855 -0.18021324276924133 0.19873332977294922 -0.16469436883926392 0.16140307486057281 -0.19404885172843933 -0.1759294867515564 0.23062287271022797 0.1512799859046936 -0.18417683243751526 0.18425945937633514 -0.26921728253364563 0.15596745908260345 0.06297996640205383 0.16774432361125946 -0.19322089850902557 -0.17883817851543427 3.9168209171092305e-19 -0.15243856608867645 0.08983597904443741 0.04123765975236893 0.20124444365501404 0.16133788228034973 -0.22812379896640778 0.16909313201904297 0.0886785238981247 -0.27515920996665955 0.19688130915164948 -0.16033115983009338 -0.25235626101493835 0.1406564712524414 0.21076877415180206 0.06878889352083206 0.20711520314216614 -0.22309556603431702 -0.1931934505701065 -0.2380133867263794 -0.26041725277900696 1.56572862314297e-11 -0.16935573518276215 0.14931870996952057 -0.13540467619895935 -0.06401069462299347 -0.2728888690471649 0.08269993215799332 -0.2181546539068222 0.20242750644683838 -0.20084165036678314 0.16590949892997742 -0.1424999088048935 -0.1817813217639923 -0.2637651562690735 0.132513165473938 0.029290007427334785 -0.25356146693229675 -0.15020382404327393 0.2000328004360199 -0.018770502880215645 0.12309756875038147 -1.4886453755025286e-05 -0.33851566910743713 -0.03016938455402851 0.21539618074893951 0.23982149362564087 0.15961359441280365 0.18427911400794983 -0.16107061505317688 0.24378181993961334 -0.2529432475566864 -0.22299933433532715 0.14106987416744232 -0.144175723195076 -0.22859789431095123 0.18099689483642578 0.23412230610847473 0.23026423156261444 -0.18250428140163422 -0.28523561358451843 0.28783363103866577 -0.2925203740596771 -9.055991540662944e-06 -0.1941922903060913 0.14969751238822937 -0.0784347876906395 0.1720900684595108 -0.11080866307020187 -0.13508625328540802 -0.16243982315063477 -0.1969735324382782 0.09909892082214355 -0.16869017481803894 0.10614115744829178 0.12188434600830078 -0.2054130882024765 -0.21288056671619415 -0.07695704698562622 0.11179029196500778 -0.03574591130018234 0.24556247889995575 0.17780202627182007 -0.09906931966543198 -8.733570107192899e-17 -0.19072067737579346 0.23501954972743988 0.02858983539044857 -0.01784037984907627 0.21144162118434906 -0.2271777093410492 0.06998920440673828 -0.09238607436418533 0.15697802603244781 0.14789719879627228 -0.1640021800994873 0.11568891257047653 -0.23207911849021912 -0.10941790044307709 -0.13411030173301697 -0.156154066324234 0.07919201999902725 0.13608433306217194 -0.17293822765350342 -0.1721804291009903 1.8188189480483755e-20 -0.20937007665634155 0.05287827178835869 -0.154628723859787 0.29498496651649475 0.1846349984407425 -0.2922794222831726 0.17071710526943207 -0.22939783334732056 -0.22621460258960724 -0.2402007132768631 0.09329670667648315 -0.1741769164800644 -0.023488488048315048 -0.010598874650895596 0.11481571197509766 -0.26098722219467163 0.1932731568813324 -0.01003747433423996 0.15427057445049286 0.16988340020179749 -2.215070344391279e-05 -0.2913612127304077 0.14936886727809906 0.24020864069461823 0.126317098736763 0.23618653416633606 -0.12083464860916138 -0.2204929143190384 -0.2210555225610733 0.2009781002998352 -0.01728849671781063 0.20611107349395752 -0.20990678668022156 -0.20709629356861115 0.21672144532203674 -0.297680139541626 -0.17031165957450867 -0.1472042351961136 0.25980934500694275 0.1921212077140808 0.2609667181968689 -1.457479185374393e-19 -0.16818757355213165 -0.01691916212439537 0.08923511207103729 0.16487620770931244 -0.1944694221019745 -0.2030658721923828 -0.0809907540678978 -0.20238295197486877 0.1306890845298767 0.2016860991716385 0.1413213312625885 0.07118304073810577 0.19696630537509918 0.2400025874376297 -0.05619824677705765 -0.05232842639088631 -0.0721399113535881 -0.011944866739213467 0.09040141850709915 0.02608555555343628 -5.818181223263275e-14 -0.2726157605648041 0.010926816612482071 0.23769937455654144 0.20160935819149017 0.14182047545909882 -0.24655257165431976 0.04381399601697922 -0.24709880352020264 -0.16707545518875122 -0.2081608772277832 -0.28788870573043823 0.18290278315544128 0.18682511150836945 0.2010447233915329 0.18089400231838226 -0.13176679611206055 0.20359301567077637 0.2445899397134781 -0.24456630647182465 0.23048768937587738 4.7863390891051656e-20 -0.11903350800275803 0.19167296588420868 0.04530797153711319 0.21936766803264618 -0.14063256978988647 0.09051099419593811 -0.15387554466724396 -0.10286134481430054 0.17678767442703247 0.10453121364116669 -0.14727020263671875 0.13416007161140442 0.09446561336517334 -0.18502667546272278 -0.1370292752981186 -0.14479827880859375 -0.029923370108008385 -0.1754329800605774 0.058501821011304855 -0.17616312205791473 2.2033680286927065e-18 -0.04327080026268959 0.004948453977704048 0.17488554120063782 0.06474262475967407 -0.14356644451618195 0.14460276067256927 -0.2443462461233139 -0.10855034738779068 0.13186421990394592 -0.031401097774505615 -0.10733058303594589 0.18251068890094757 -0.0961616262793541 -0.12290193140506744 0.2041589468717575 -0.22693173587322235 -0.23312388360500336 -0.08837217092514038 0.3141212463378906 0.21451115608215332 -3.209736718988216e-20 -0.2871234714984894 0.26725271344184875 0.1326470524072647 0.021317070350050926 0.12088247388601303 0.17110911011695862 -0.17299428582191467 0.21819837391376495 -0.16722439229488373 -0.19224929809570312 0.008577072992920876 -0.24157671630382538 0.17492011189460754 -0.1584661453962326 -0.13329128921031952 0.24984394013881683 0.29222381114959717 -0.08583464473485947 -0.17414098978042603 0.0948522612452507 1.430874725259336e-17 -0.18592773377895355 0.2408982217311859 0.0824732631444931 0.07125697284936905 -0.28438737988471985 0.13896317780017853 0.18210956454277039 0.06465549767017365 0.12957800924777985 -0.27357396483421326 -0.1364496946334839 0.21399842202663422 0.16962607204914093 0.13036586344242096 -0.1516900360584259 0.16782140731811523 0.06904247403144836 -0.10375221073627472 -0.1072741150856018 0.06051168590784073 -1.5574174667724305e-19 -0.12534873187541962 0.038921650499105453 0.01336280070245266 0.18234923481941223 -0.22963634133338928 -0.23169954121112823 -0.2098405361175537 -0.17955072224140167 0.029357168823480606 -0.24805603921413422 0.19698381423950195 0.17206130921840668 0.028032211586833 -0.15395653247833252 -0.2759915292263031 0.1859121024608612 0.10733464360237122 -0.2753431499004364 0.12355402112007141 -0.2533798813819885 6.608100344441786e-20 0.029942097142338753 0.2634682357311249 0.1402195692062378 -0.03198239207267761 0.03794308379292488 0.055615849792957306 -0.14266031980514526 0.18325315415859222 0.060690246522426605 -0.2041475623846054 0.13744226098060608 -0.15898767113685608 -0.2249537855386734 -0.20309758186340332 0.08225832134485245 0.09212202578783035 0.007324498146772385 0.24608056247234344 -0.20072513818740845 0.05304941534996033 -5.795783297735113e-10 -0.14518797397613525 0.3837496042251587 0.14347362518310547 0.16470618546009064 -0.1815221607685089 0.20876894891262054 0.17012172937393188 0.13743029534816742 -0.022005019709467888 0.23368895053863525 0.19337761402130127 0.21385549008846283 0.2226572483778 0.1803966760635376 0.2053126096725464 0.2372954934835434 -0.21233683824539185 -0.2016596794128418 -0.2823430001735687 -0.22148704528808594 -3.030586981367378e-07 -0.1648520529270172 0.2575858533382416 0.05459226667881012 0.23951222002506256 0.08313159644603729 -0.2929255962371826 0.2595648765563965 0.1605122685432434 -0.3046511709690094 -0.007224769797176123 -0.29886099696159363 -0.2806149125099182 -0.30129510164260864 0.18546542525291443 0.141103595495224 -0.19823594391345978 0.2168121486902237 0.203563392162323 -0.25130003690719604 0.0595923475921154 -1.2552492265271797e-16 -0.2433234453201294 0.32370951771736145 -0.011835534125566483 -0.0010128288995474577 0.08348410576581955 0.20693917572498322 -0.1513299196958542 -0.18410730361938477 0.16511894762516022 0.26864108443260193 0.1426347941160202 0.14269223809242249 0.17864443361759186 0.1307908594608307 0.07674490660429001 -0.011141741648316383 -0.042075853794813156 -0.22950813174247742 0.13666050136089325 -0.14045019447803497 -1.0215984295411064e-20 0.06071218475699425 -0.349179208278656 -0.13318848609924316 -0.2783140540122986 0.03718251734972 0.0023459165822714567 0.10614998638629913 0.09426496177911758 0.13664735853672028 0.1858687698841095 0.04522081837058067 0.024387789890170097 0.13635936379432678 0.02415321208536625 0.09344558417797089 0.14646455645561218 -0.0015049716457724571 0.129837304353714 0.10445611923933029 -0.07581257075071335 1.7042633544406272e-06 -0.14217638969421387 0.09900578111410141 -0.1584838479757309 -0.009430455975234509 0.1725274622440338 -0.0068402900360524654 0.2894875109195709 -0.2394806444644928 0.1491246521472931 0.16794924437999725 -0.1491815596818924 0.0777837336063385 0.20874620974063873 0.13627809286117554 0.1423182487487793 0.13118988275527954 0.25100311636924744 -0.3000873923301697 -0.26774004101753235 -0.26407718658447266 -1.648554448334394e-12 -0.27439406514167786 0.24564608931541443 0.30347561836242676 -0.06898248195648193 0.15541347861289978 -0.2483377307653427 0.11478106677532196 0.07591316848993301 0.12605586647987366 0.15033970773220062 0.16584929823875427 -0.20883877575397491 -0.19718274474143982 0.1402909904718399 -0.1605231761932373 -0.11824380606412888 0.1751706749200821 -0.10836631804704666 -0.25569695234298706 0.18138502538204193 4.2593052269670375e-19 -0.2127498984336853 0.01157345250248909 0.11960183829069138 0.10917724668979645 0.2359328418970108 0.08321065455675125 0.24567312002182007 0.024234246462583542 0.18879270553588867 0.15249045193195343 0.03272583708167076 -0.1521661877632141 -0.23271195590496063 -0.11854986101388931 -0.26414018869400024 -0.1632045954465866 -0.19838397204875946 0.2783377468585968 0.14244121313095093 -0.1993468999862671
b1 32
0.03867422044277191 -0.1090853214263916 0.059547532349824905 0.041308872401714325 -0.04288912191987038 0.1443215310573578 -0.06929338723421097 -4.4267409975873306e-05 0.19162529706954956 0.01826782524585724 0.052857693284749985 -0.04795393720269203 0.045939911156892776 0.009288123808801174 -0.03631173074245453 0.009764221496880054 -0.10213330388069153 0.0066327061504125595 -0.08758190274238586 0.08942762762308121 -0.004248067736625671 0.04237045720219612 0.14596571028232574 0.0698174461722374 0.2005736529827118 0.3202226758003235 0.0160182174295187 0.17405912280082703 -0.20216195285320282 0.19429881870746613 0.14829407632350922 0.14713412523269653
W2 1024
0.26429179310798645 0.10096196085214615 0.21845141053199768 0.20606312155723572 0.06602763384580612 0.08783935755491257 0.013664867728948593 0.24668914079666138 0.06543591618537903 0.15832696855068207 0.09515128284692764 0.06797328591346741 0.11252632737159729 0.08953708410263062 0.026591138914227486 0.12456115335226059 0.051496975123882294 0.19149067997932434 0.2654159963130951 -0.056892555207014084 0.030618930235505104 -0.02379513904452324 0.08646327257156372 0.12867744266986847 0.003468848764896393 0.06312810629606247 0.12384386360645294 -0.03648097440600395 -0.10417932271957397 0.03890828415751457 0.21420419216156006 -0.05520576238632202 0.2315702587366104 0.08355186134576797 0.18184427917003632 -0.002827920950949192 0.0773102343082428 -0.05937745049595833 0.08955226093530655 0.13724297285079956 0.11562090367078781 0.12069052457809448 0.13880613446235657 0.18614591658115387 0.10360882431268692 -0.0012404007138684392 0.05047173798084259 0.18106615543365479 0.06332647800445557 0.15770293772220612 0.03883875161409378 0.02636614441871643 0.12622681260108948 -0.02888357825577259 0.16569985449314117 0.16449321806430817 0.1392621397972107 0.18824373185634613 0.09188219904899597 0.05861358717083931 -0.17900997400283813 0.09978815913200378 0.16018059849739075 0.23051942884922028 0.2607111632823944 0.037499066442251205 0.19105105102062225 -0.05572637915611267 0.04271705821156502 0.21137642860412598 -0.006882545538246632 0.18330934643745422 0.03525885194540024 0.013733149506151676 0.14223599433898926 0.20373037457466125 0.14840537309646606 0.1041359230875969 0.24559324979782104 0.09311581403017044 0.1036449670791626 0.12468522787094116 0.21046391129493713 0.15545892715454102 0.15189704298973083 -0.004257970489561558 0.28024157881736755 0.14669306576251984 0.1629631519317627 0.11626321822404861 0.1548183560371399 0.19750924408435822 0.04234964773058891 -0.039418864995241165 0.16854263842105865 0.21327286958694458 0.039181679487228394 -0.11918026953935623 -0.11323774605989456 -0.11914317309856415 0.10179944336414337 -0.020052684471011162 0.02184966579079628 -0.016172779724001884 0.00462481239810586 -0.12125802785158157 -0.002789339516311884 0.03413024917244911 0.08422458171844482 0.11705626547336578 0.034983012825250626 0.008241740055382252 -0.16260415315628052 0.017830021679401398 0.08828341960906982 0.07495861500501633 -0.18921774625778198 0.0003728472220245749 -0.08581529557704926 0.009602874517440796 0.10448452085256577 -0.13435059785842896 -0.04414892569184303 -0.007153193466365337 0.08716394752264023 -0.06879735738039017 0.08782892674207687 -0.15673145651817322 0.3062283396720886 0.2615951597690582 0.2466733306646347 0.07404982298612595 0.03482399135828018 0.2336360067129135 0.24539048969745636 0.205719456076622 0.2546110451221466 0.1307939887046814 0.03084167093038559 0.11540652811527252 0.06652859598398209 0.016810331493616104 0.039543744176626205 0.1620863974094391 -0.018108459189534187 0.01811741292476654 0.1276894211769104 0.0013113997410982847 0.12291199713945389 0.02462944947183132 0.05977378785610199 0.10810785740613937 0.01673157513141632 0.17505313456058502 0.16777515411376953 0.037529148161411285 0.027183929458260536 0.03857508301734924 0.018905656412243843 0.013946959748864174 0.16641336679458618 0.0782129168510437 0.1956048309803009 -0.01161334291100502 -0.042808447033166885 0.022620530799031258 0.076169952750206 -0.024692703038454056 0.027956075966358185 0.19433552026748657 -0.0047608911991119385 -0.0011816793121397495 0.07860840857028961 0.027730735018849373 0.0686851367354393 0.1576041281223297 0.2175654023885727 -0.027545265853405 0.2649368941783905 0.20514172315597534 0.21952775120735168 -0.008512832224369049 0.28356555104255676 0.24939177930355072 0.017046425491571426 0.07651223242282867 0.2720276117324829 0.24952663481235504 -0.08616723120212555 0.23054619133472443 0.12713491916656494 0.07115459442138672 -0.05828546732664108 -0.011853085830807686 -0.015994632616639137 -0.003376167034730315 0.08160149306058884 -0.05941837653517723 -0.09622948616743088 -0.009241477586328983 0.06358452141284943 -0.1031210646033287 0.05704416334629059 0.0030342095997184515 0.038170717656612396 0.03166459873318672 -0.031423721462488174 -0.04784928262233734 -0.09839911013841629 0.014847829006612301 0.01852358505129814 0.05187714099884033 -0.08029956370592117 -0.010546255856752396 0.03718973323702812 0.06926561146974564 -0.04414718225598335 -0.010480839759111404 0.033899325877428055 -0.15682071447372437 0.05885142832994461 0.01712556555867195 0.07227236777544022 -0.06456447392702103 0.11006326228380203 0.19966362416744232 0.07802776992321014 0.2083594799041748 0.23916752636432648 0.0725635290145874 -0.0002894521167036146 -0.024195531383156776 0.03623822703957558 0.1346263289451599 0.10369350761175156 0.18978159129619598 0.07387083768844604 0.2595139741897583 0.2375136762857437 0.16492608189582825 -0.002299112267792225 0.15687252581119537 0.1348242610692978 0.22880274057388306 0.01932528428733349 0.013831520453095436 0.11299113184213638 0.006014940328896046 0.21690280735492706 -0.0016636147629469633 0.04315895587205887 0.14166316390037537 -0.14151284098625183 0.12515610456466675 -0.024336285889148712 0.039756447076797485 -0.03485669195652008 0.12337182462215424 -0.1305461972951889 0.12391019612550735 -0.15168225765228271 -0.05083642527461052 -0.19348850846290588 -0.07311283051967621 0.012120972387492657 -0.06779114156961441 -0.18724127113819122 -0.13905958831310272 -0.13913768529891968 0.04863822087645531 0.0484335720539093 0.11713284999132156 -0.020214801654219627 0.08016767352819443 0.08417893201112747 0.06950532644987106 -5.770364077761769e-05 -0.18585710227489471 -0.02931225299835205 -0.0951944887638092 -0.03939471393823624 -0.017533786594867706 0.1095682755112648 -0.061690717935562134 0.1231381744146347 0.002743037883192301 -0.035577744245529175 -0.111970454454422 -0.10399401187896729 0.09351326525211334 -0.06771627068519592 -0.15890096127986908 0.024341588839888573 0.06261134892702103 -0.04183395951986313 0.08905275166034698 -0.11284726113080978 0.06205788254737854 -0.16642434895038605 -0.15009410679340363 -0.014415040612220764 -0.06354251503944397 0.03240133449435234 0.03349396586418152 0.1125023141503334 0.02174360118806362 0.025393491610884666 0.09535640478134155 -0.08146766573190689 -0.10049868375062943 -0.18055596947669983 -0.06546693295240402 0.07790018618106842 0.0775192603468895 -0.046390678733587265 0.11009325087070465 0.07035616785287857 0.10086880624294281 -0.1364084929227829 -0.16044172644615173 0.09907881915569305 -0.048759277909994125 0.08960280567407608 -0.09009873867034912 -0.0813465267419815 -0.050654612481594086 -0.021228136494755745 -0.10401183366775513 0.07401198893785477 0.06498197466135025 0.11051733046770096 0.03813458979129791 0.0373554602265358 -0.11876441538333893 0.03526374325156212 0.10703161358833313 0.02132592909038067 0.06182127818465233 0.11283379793167114 -0.03067879192531109 -0.0401146300137043 -0.020567357540130615 0.03546740487217903 -0.02001742646098137 -0.1347048431634903 -0.06021007150411606 -0.153559148311615 -0.13974295556545258 -0.0874338299036026 -0.03490614891052246 -0.07232528179883957 0.0919707790017128 0.11663828790187836 0.013774219900369644 0.10088936239480972 -0.05264894664287567 -0.010911855846643448 0.04805031046271324 0.026097040623426437 0.07656637579202652 -0.013060355558991432 -0.0763562023639679 -0.07533900439739227 -0.1066143661737442 -0.030483759939670563 -0.10651111602783203 -0.09136316180229187 -0.033165957778692245 0.09238342195749283 0.07848303020000458 -0.14816993474960327 0.03740143030881882 -0.05371188372373581 -0.11522629857063293 0.11287946999073029 -0.13690857589244843 -0.08273505419492722 0.025650884956121445 0.11414054781198502 -0.037630513310432434 -0.09859547764062881 0.05256125330924988 -0.05057474598288536 -0.048706889152526855 0.07209137827157974 0.09982533007860184 0.23799455165863037 0.12779270112514496 0.019873416051268578 0.1804484874010086 -0.04102559760212898 -0.06387119740247726 -0.01645171083509922 0.09283748269081116 0.26268264651298523 0.13728930056095123 0.20351138710975647 0.226042702794075 -0.04861126467585564 0.23128801584243774 -0.018386855721473694 0.047288499772548676 0.024259919300675392 0.20070911943912506 0.21226385235786438 0.12671369314193726 -0.04520007595419884 0.01667669415473938 0.05160694196820259 0.27259495854377747 0.19784805178642273 -0.0037977155297994614 -0.02660924382507801 0.1565386950969696 0.0006464758771471679 0.2472086399793625 0.0681270956993103 0.09544696658849716 0.029337124899029732 -0.0017478979425504804 -0.09400689601898193 0.1221049353480339 0.04885990172624588 0.043742790818214417 -0.16243430972099304 -0.11862700432538986 0.041771791875362396 -0.08914384990930557 -0.09066702425479889 0.016047650948166847 0.05596735700964928 -0.11791888624429703 -0.11617016792297363 0.06455257534980774 -0.14053112268447876 -0.01268330030143261 0.11783351004123688 -0.1154685765504837 -0.01032441295683384 0.07811405509710312 0.09489693492650986 -0.06898544728755951 0.07206685096025467 -0.17350314557552338 -0.13032516837120056 0.09379099309444427 -0.1335001140832901 -0.11193253099918365 0.09772729873657227 -0.037908971309661865 0.11560526490211487 0.12947671115398407 -0.1588328629732132 0.08540622889995575 0.07670029997825623 0.13031652569770813 -0.16040542721748352 0.03244943171739578 -0.04517657682299614 -0.18241427838802338 -0.09122847765684128 0.12331628054380417 -0.0027729226276278496 -0.06428880244493484 -0.03964828699827194 0.017604704946279526 0.03929761424660683 -0.15179701149463654 -0.049374163150787354 0.09120874106884003 -0.09440296143293381 -0.16102072596549988 0.004915912169963121 0.09572704136371613 -0.09520866721868515 -0.06483839452266693 0.018856696784496307 0.02038531005382538 -0.00943173747509718 0.021528808400034904 -0.0993872731924057 -0.00633600726723671 0.06255219131708145 -0.01120763923972845 -0.08167549967765808 0.01787632331252098 0.012893413193523884 0.033191945403814316 -0.04346971586346626 0.03983084857463837 0.08430687338113785 0.01113873440772295 -0.019161434844136238 0.06979720294475555 0.05875451862812042 -0.03047545626759529 -0.06286997348070145 0.027826305478811264 -0.03941570967435837 0.012434018775820732 -0.09341453015804291 0.030363008379936218 0.019111694768071175 0.034383006393909454 -0.04077983275055885 0.06838337332010269 -0.06441598385572433 0.06645145267248154 -0.12463344633579254 0.030321521684527397 0.009575983509421349 -0.001861665165051818 0.1886269450187683 0.006712255533784628 0.007729534991085529 0.07654775679111481 0.16846993565559387 0.09381040185689926 0.2504916489124298 0.13787317276000977 -0.06416871398687363 0.1825971156358719 0.11426592618227005 0.09642037749290466 -0.0308693740516901 0.08546774834394455 -0.021991614252328873 0.15528717637062073 0.19849592447280884 0.2402631640434265 0.2238253951072693 -0.013145224191248417 0.08603573590517044 0.06353975832462311 0.21358166635036469 -0.029239367693662643 0.24851606786251068 0.16571171581745148 0.22204193472862244 -0.04933302849531174 -0.11453805863857269 0.18970227241516113 0.14972440898418427 -0.025332637131214142 0.013207186944782734 0.03399553894996643 -0.011037706397473812 0.22459930181503296 0.16831986606121063 0.1001109629869461 0.05736489221453667 0.12921079993247986 0.22219935059547424 0.19782839715480804 0.10404405742883682 -0.03490550443530083 0.04330341890454292 -0.04931337386369705 0.25678783655166626 0.16974058747291565 0.2511380612850189 0.0628628060221672 -0.042324937880039215 -0.021116357296705246 -0.030651068314909935 0.2639383375644684 0.1892816424369812 0.14253360033035278 0.029921086505055428 0.011638968251645565 -0.03445224463939667 0.13288423418998718 -0.15252980589866638 0.2197641134262085 -0.010863433592021465 0.05104851350188255 -0.03992430865764618 -0.07593479752540588 0.13846872746944427 -0.06456378102302551 -0.013376626186072826 -0.04872551187872887 0.00041764750494621694 0.13100719451904297 0.10920189321041107 -0.09593801200389862 0.11098946630954742 0.04439306631684303 -0.11369916796684265 0.040685877203941345 0.01886129193007946 -0.11937306076288223 -0.08689330518245697 -0.11156926304101944 -0.021783683449029922 0.09374842047691345 -0.019249634817242622 0.014080350287258625 -0.024123873561620712 0.12397155910730362 0.05795787647366524 -0.11751718819141388 0.08437703549861908 0.07712831348180771 0.008576164953410625 -0.148598775267601 -0.06843338906764984 -0.13910770416259766 -0.11362139880657196 -0.059198904782533646 0.08732258528470993 -0.07963549345731735 -0.08092693239450455 0.11178149282932281 0.12233812361955643 -0.18514098227024078 -0.05673785135149956 -0.1322459876537323 -0.10272958129644394 0.1021389439702034 -0.1545199155807495 0.044604845345020294 0.1253434419631958 -0.039715301245450974 -0.09084663540124893 -0.05202348157763481 0.08397214114665985 0.051209621131420135 0.07446277886629105 0.09433847665786743 -0.15267905592918396 0.14125236868858337 0.06425128132104874 -0.07682159543037415 -0.13338641822338104 0.09287957847118378 -0.13610078394412994 -0.11564809083938599 0.07183948904275894 -0.04496486485004425 0.19965310394763947 0.04696430638432503 0.21424998342990875 0.020611293613910675 0.2242220640182495 0.034624483436346054 0.18975289165973663 0.078053317964077 -0.0567501075565815 0.15761996805667877 0.1206069067120552 -0.04252813011407852 0.2293161004781723 0.1456225961446762 0.0660809874534607 0.07293324172496796 0.1471305936574936 -0.039063870906829834 0.05821388587355614 -0.030579686164855957 0.22895203530788422 0.15156976878643036 0.23432978987693787 0.18574489653110504 0.19353947043418884 0.18642231822013855 0.20966407656669617 0.02330740913748741 -0.10601095110177994 0.057397861033678055 0.22530673444271088 0.09035930037498474 0.1905646026134491 0.06440548598766327 0.05762593448162079 0.025377389043569565 0.007205330301076174 -0.022774038836359978 0.1607998013496399 0.1392589807510376 -0.015726711601018906 0.25104039907455444 0.11500876396894455 0.24403923749923706 0.20975714921951294 0.22553858160972595 -0.0575571283698082 0.24444662034511566 0.0797399953007698 0.25419148802757263 -0.05856521055102348 0.07775161415338516 -0.0021258369088172913 0.18052640557289124 0.23151591420173645 0.005057597998529673 0.24228349328041077 0.04144899547100067 0.26284006237983704 0.24240387976169586 -0.14445599913597107 0.21219193935394287 0.1757802516222 0.08220662921667099 0.032745350152254105 0.07133828103542328 0.07137822359800339 -0.0013071912107989192 -0.012684239074587822 -0.1143578588962555 -0.10626278072595596 -0.07410729676485062 -0.11507203429937363 -0.005064884200692177 -0.10562838613986969 -0.03140014037489891 -0.05943978950381279 -0.06187943369150162 -0.08081401139497757 0.08887846022844315 -0.011246765032410622 -0.06922885030508041 0.045465461909770966 0.053383611142635345 -0.026040969416499138 -0.0543002188205719 0.041965942829847336 0.10347327589988708 -0.05793364346027374 -0.139384463429451 -0.006215917877852917 -0.06975189596414566 0.05425263196229935 0.05934474244713783 -0.04798068106174469 0.019530482590198517 0.24961893260478973 0.24076730012893677 0.2650170624256134 0.21126431226730347 0.007717343047261238 0.04270152747631073 0.011638885363936424 0.07328575104475021 0.1815207451581955 0.002473375527188182 0.2633018493652344 0.1489863395690918 0.2225814163684845 -0.005867112427949905 0.10021011531352997 -0.037202123552560806 0.12857718765735626 0.13798052072525024 0.23794808983802795 -0.01470332220196724 0.0756252184510231 0.14945465326309204 0.036243997514247894 0.06765203922986984 0.07165765762329102 0.2748990058898926 0.20102491974830627 0.1580786108970642 -0.181178480386734 0.054711535573005676 -0.07490114867687225 -0.015004280023276806 0.09808557480573654 -0.04947241023182869 -0.0637078508734703 -0.00315269292332232 0.07937410473823547 0.019590163603425026 0.02566981315612793 -0.06582878530025482 -0.07092735916376114 -0.026260890066623688 -0.004688352346420288 -0.10779394209384918 0.05857539921998978 -0.07034378498792648 -0.002564477501437068 0.0026288998778909445 0.08789822459220886 0.043420545756816864 0.054012738168239594 0.09159316122531891 0.02364596538245678 0.019584624096751213 0.06051770970225334 0.007077651564031839 0.08477478474378586 0.05407947674393654 0.06145067885518074 0.001342881005257368 -0.04960693046450615 -0.09836062788963318 0.1323672980070114 0.009971179068088531 -0.08289477229118347 0.03192655369639397 -0.02820650301873684 -0.04646601527929306 -0.06471852958202362 -0.1020313948392868 0.07181581854820251 0.05323803797364235 -0.04646827280521393 0.09241395443677902 0.010776514187455177 0.145438551902771 0.010519934818148613 -0.02202804572880268 0.0799190029501915 -0.045511215925216675 -0.05739530548453331 -0.04864203557372093 -0.04199015721678734 -0.12124564498662949 0.03904210776090622 -0.030376240611076355 -0.04994460940361023 -0.05540680140256882 -0.057690903544425964 -0.20047368109226227 -0.09449354559183121 0.019256412982940674 0.14013683795928955 0.16834527254104614 -0.08830082416534424 0.011790341697633266 -0.03246353566646576 -0.025571735575795174 -0.0230113472789526 -0.03833235800266266 -0.16905063390731812 0.10348239541053772 0.10455205291509628 -0.07270487397909164 -0.17513500154018402 -0.14212806522846222 -0.1516055017709732 0.02974119409918785 -0.08538523316383362 0.07868289202451706 -0.03381919860839844 -0.07264184206724167 0.0015199242625385523 0.014929169788956642 0.01254317257553339 -0.18680687248706818 -0.04132692515850067 -0.1953708529472351 -0.03635339438915253 0.08376377075910568 0.004912436008453369 0.09684818238019943 0.12282491475343704 0.10501980781555176 0.08911565691232681 -0.04893139749765396 0.030541345477104187 -0.11168645322322845 0.10385146737098694 -0.17294374108314514 0.11228646337985992 0.0634627640247345 -0.05781091749668121 0.028678949922323227 0.027642609551548958 -0.08944196254014969 -0.15044410526752472 -0.07679031044244766 0.036934126168489456 0.10696490108966827 -0.12585274875164032 -0.02266319841146469 -0.06348548829555511 -0.03866640478372574 -0.10081498324871063 -0.013149986974895 -0.016354240477085114 -0.10773727297782898 -0.14814002811908722 -0.11522559821605682 -0.14509405195713043 0.09821239113807678 -0.0755230262875557 -0.10511075705289841 -0.03599953651428223 -0.20706504583358765 0.04135924205183983 0.04252621531486511 0.03929453343153 0.025124382227659225 0.0510299988090992 0.09415607154369354 0.08779885619878769 -0.01648922823369503 -0.02421095222234726 -0.023086529225111008 -0.09285810589790344 -0.10658854991197586 -0.0672583356499672 -0.22395645081996918 -0.21981081366539001 -0.08784805983304977 0.11150845140218735 0.08391564339399338 -0.16005422174930573 -0.06357883661985397 -0.12086806446313858 -0.026596060022711754 -0.02386365458369255 0.08981211483478546 -0.006364951841533184 -0.07223933190107346 -0.010501672513782978 -0.1299344152212143 0.1136946901679039 -0.06271248310804367 0.07435733079910278 0.11571700125932693 -0.18556024134159088 -0.09130355715751648 0.05075230449438095 0.09478695690631866 0.058468256145715714 -0.0030158860608935356 0.046944670379161835 -0.11348304897546768 -0.11835617572069168 0.09349121898412704 -0.08379500359296799 -0.13353575766086578 0.007839461788535118 0.11400288343429565 -0.11621196568012238 -0.10898390412330627 -0.024416184052824974 0.03596385568380356 -0.11149138957262039 -0.012635277584195137 -0.0848730280995369 0.03957577422261238 -0.057567790150642395 -0.08224501460790634 0.0074609918519854546 0.020744292065501213 -0.05878034606575966 -0.13951171934604645 -0.06593552231788635 0.06900656968355179 0.058964986354112625 -0.12727470695972443 0.055375028401613235 0.11064151674509048 -0.10750740021467209 -0.01636112481355667 0.02725885435938835 -0.0440950021147728 -0.014612558297812939 -0.044240742921829224 -0.00418789591640234 -0.08773721754550934 0.05601879954338074 -0.00010578786896076053 -0.1099940836429596 -0.023614084348082542 -0.05450626462697983 -0.0027424106374382973 0.030239803716540337 -0.019358716905117035 0.05764930695295334 0.05678758770227432 -0.06838130950927734 0.054556190967559814 -0.12893101572990417 0.06288424879312515 0.007782915607094765 -0.11438724398612976 -0.10491733998060226 0.030769508332014084 -0.029098916798830032 -0.032622721046209335 0.06303694099187851 -0.049565963447093964 -0.04372020065784454 0.09530134499073029 0.12438689172267914 0.021721525117754936 0.14308440685272217 0.029363645240664482 0.10122399777173996 0.19496965408325195 0.052506595849990845 0.12015703320503235 -0.00776455644518137 0.23403792083263397 -0.07390481233596802 0.2769717872142792 0.09022607654333115 0.12029681354761124 0.176699697971344 0.06628964096307755 0.16624422371387482 0.21590453386306763 0.08655643463134766 0.055923402309417725 -0.011132597923278809 0.2565664052963257 0.11534542590379715 0.16396042704582214 0.25761350989341736 0.14934569597244263 0.09458386898040771 0.23610517382621765 -0.05560195818543434 0.19461850821971893 -0.08982390910387039 0.17524129152297974 0.025058379396796227 0.08992504328489304
b2 32
0.1265338808298111 0.013134552165865898 -0.03051426261663437 0.08952874690294266 0.08161788433790207 -0.06958921998739243 -0.14155136048793793 0.0911908745765686 0.10640624910593033 0.02317361906170845 -0.02062496729195118 -0.18289782106876373 0.021019572392106056 -0.022427203133702278 -0.2122231274843216 -0.04163874313235283 0.10960634797811508 0.20045427978038788 -0.1072504073381424 -0.10547290742397308 -0.0675939992070198 0.0021155208814889193 0.010521290823817253 0.011205398477613926 -0.11783504486083984 0.08210859447717667 0.11539697647094727 0.029565047472715378 0.11654430627822876 0.07180514931678772 -0.1262088119983673 -0.035513125360012054
W3 32
0.24610403180122375 0.25274136662483215 0.15877708792686462 -0.11562503129243851 0.21170613169670105 0.28668224811553955 -0.1346001923084259 0.24461275339126587 -0.05474543198943138 -0.01733684167265892 0.003779386868700385 -0.10420886427164078 0.23101575672626495 -0.05325824394822121 -0.12512600421905518 0.2068057507276535 0.1820640116930008 0.21815259754657745 -0.06789552420377731 -0.12206895649433136 0.2733834385871887 0.18969841301441193 -0.03333449363708496 0.2367578148841858 -0.2707037031650543 -0.24981512129306793 -0.037398096174001694 -0.10974755883216858 -0.11517239362001419 -0.005835229065269232 -0.05645771324634552 0.20020148158073425
b3 1
0.14719103276729584
feature_cols 21
t8_active t8_pm_min t8_pm_gap t8_pm_mean t8_pm_max branch_0 branch_1 branch_2 branch_3 branch_4 branch_5 branch_6 branch_7 branch_8 branch_9 branch_10 branch_11 branch_12 branch_13 branch_14 branch_15
