input_dim 48
hidden 32
M 16
branch_onehot 1
direction_largest 1
mean 48
1.0 0.3486413359642029 0.0 0.3486413359642029 0.3486413359642029 0.41575324535369873 1.0764503479003906 1.8182499408721924 2.0 0.6238428950309753 1.6911495923995972 1.4694242477416992 2.3149869441986084 0.23545600473880768 1.0771446228027344 2.127007484436035 2.0 0.862786054611206 1.7522910833358765 1.7389655113220215 2.615114212036133 0.1271287053823471 1.07709801197052 2.396437883377075 2.0 0.9729109406471252 1.9202189445495605 1.933018445968628 2.8931334018707275 0.10301902890205383 1.0773519277572632 2.475731611251831 0.0625 0.0625 0.0625 0.0625 0.0625 0.0625 0.0625 0.0625 0.0625 0.0625 0.0625 0.0625 0.0625 0.0625 0.0625 0.0625
std 48
1.0 0.3107096254825592 1.0 0.3107096254825592 0.3107096254825592 0.3302859365940094 0.3406216502189636 0.5492226481437683 1.0 0.4620222747325897 1.039642572402954 0.4265390932559967 0.8311688899993896 0.20524710416793823 0.24080818891525269 0.4810185730457306 1.0 0.6676417589187622 1.0585131645202637 0.5718717575073242 0.8767061829566956 0.1181977391242981 0.17033825814723969 0.42972710728645325 1.0 0.9745702743530273 0.9920923709869385 0.8407660722732544 0.9777853488922119 0.09726005792617798 0.15229056775569916 0.41575852036476135 0.24206146597862244 0.24206146597862244 0.24206146597862244 0.24206146597862244 0.24206146597862244 0.24206146597862244 0.24206146597862244 0.24206146597862244 0.24206146597862244 0.24206146597862244 0.24206146597862244 0.24206146597862244 0.24206146597862244 0.24206146597862244 0.24206146597862244 0.24206146597862244
W1 1536
5.607894785604893e-17 0.11377009004354477 2.7623936438586e-18 0.13419565558433533 -0.060053516179323196 0.03307747468352318 0.04306051507592201 -0.10591002553701401 -6.069843521035179e-14 -0.12642671167850494 -0.0009509314550086856 -0.11235311627388 0.10307001322507858 0.05328555405139923 -0.020114349201321602 0.009394258260726929 4.490269884160816e-16 0.12138000130653381 -0.06498070061206818 -0.03362713009119034 -0.036727458238601685 0.06706500053405762 -0.0011384926037862897 -0.0775592029094696 4.246489678962662e-20 -0.06367947161197662 0.22786462306976318 -0.17246894538402557 -0.170843243598938 0.055052757263183594 0.2002580314874649 -0.09206260740756989 0.17280492186546326 0.11197353154420853 0.19721439480781555 0.14337001740932465 -0.20824512839317322 0.11790692806243896 -0.024708636105060577 0.1361440122127533 0.18177618086338043 0.17965248227119446 -0.11049006879329681 -0.22940228879451752 -0.2671820819377899 -0.15443037450313568 -0.20891226828098297 -0.185123011469841 -7.262927019623851e-18 -0.12477993965148926 -5.877392214408139e-17 -0.019361188635230064 0.004263663664460182 0.17764544486999512 0.05046578869223595 -0.06010314077138901 4.0219052958931136e-20 0.08292564004659653 0.14812377095222473 0.04719257354736328 0.059616733342409134 0.13811928033828735 -0.027971016243100166 -0.011124766431748867 1.6351149160087635e-16 -0.018248284235596657 0.0132032111287117 0.053575336933135986 0.0635981634259224 0.06755884736776352 -0.03649529442191124 0.04504317417740822 5.82435705380545e-19 -0.03311432898044586 0.2111629992723465 -0.24166084825992584 -0.06711756438016891 0.08774114400148392 0.14494803547859192 -0.05001802369952202 0.254306435585022 0.07822959870100021 0.12018559128046036 0.19274622201919556 0.09864426404237747 -0.2024805098772049 -0.2071988582611084 -0.06940624862909317 -0.23312819004058838 -0.22627252340316772 -0.19949842989444733 -0.20928868651390076 0.06889943033456802 0.07430686056613922 0.176767498254776 -0.04258783534169197 -9.038897236460155e-20 -0.023120326921343803 -4.472617751421354e-13 0.04491434618830681 -0.026321550831198692 -0.05475177615880966 -0.16680051386356354 0.13626113533973694 -1.177299140201751e-15 0.2193802148103714 -0.051202185451984406 0.13522355258464813 -0.022058572620153427 -0.12937186658382416 0.05168001353740692 0.12054204195737839 1.94814656886951e-19 0.04693542793393135 -0.14918693900108337 0.013281812891364098 0.14932884275913239 -0.13777519762516022 0.0019853636622428894 -0.08859161287546158 -2.454295921767817e-14 -0.13548243045806885 0.15343409776687622 -0.17194397747516632 0.20520539581775665 -0.12323786318302155 0.004843109752982855 -0.1774987131357193 -0.1126253679394722 -0.10242754220962524 -0.05557658523321152 0.0825643539428711 -0.1858941614627838 0.09258946776390076 -0.2774811387062073 0.16794800758361816 -0.15274089574813843 -0.1312999278306961 0.03582581877708435 0.0029929394368082285 0.10935699194669724 -0.06694348901510239 0.04978460446000099 0.008740823715925217 2.323150081594977e-13 -0.05045563727617264 -1.0349656682399633e-19 0.07139258831739426 -0.1572210043668747 -0.16050544381141663 -0.033839356154203415 0.10200639069080353 1.8560044062217564e-15 -0.02915831282734871 0.19103755056858063 -0.058538418263196945 0.1446247547864914 -0.0650048777461052 -0.125327929854393 0.07028698176145554 2.3627661980207695e-19 0.05771675333380699 0.2728804051876068 -0.08893001079559326 -0.09063522517681122 -0.15117247402668 0.12747201323509216 -0.005625386722385883 -9.894715746548564e-20 -0.191445991396904 0.2832292318344116 -0.21908387541770935 -0.08616472035646439 -0.13062699139118195 -0.054906100034713745 0.042657218873500824 0.22690661251544952 -0.19138622283935547 0.08392513543367386 0.1316663920879364 -0.1122651919722557 -0.11860920488834381 -0.15549492835998535 0.29893720149993896 -0.14924386143684387 9.430065983906388e-05 0.09447339922189713 -0.15828552842140198 0.06777463853359222 -0.11136724054813385 0.1159292683005333 -0.15251775085926056 -4.931240776026569e-20 -0.12533038854599 -1.2149719310058368e-19 -0.09602226316928864 0.0010171746835112572 0.04244792461395264 0.0781739130616188 -0.059470728039741516 -7.25699117154817e-18 0.02875174582004547 0.01324581727385521 -0.107261523604393 0.07373121380805969 -0.010236634872853756 0.084625244140625 0.026295611634850502 -3.3734406477479533e-18 -0.03888826072216034 -0.03517406806349754 -0.14956307411193848 0.009181861765682697 -0.059053950011730194 0.014147769659757614 0.07739564776420593 -4.309400059021584e-14 -0.016201835125684738 -0.0430956594645977 0.07260516285896301 -0.03527427464723587 -0.024453867226839066 -0.19768448173999786 0.01880394108593464 0.0020342832431197166 -0.003606772515922785 -0.08223908394575119 -0.026625875383615494 -0.08454226702451706 -0.0015832450008019805 -0.01018898468464613 -0.06489168852567673 -0.05090087279677391 -0.03543275594711304 -0.02351847104728222 -0.06937618553638458 0.012149677611887455 -0.024197155609726906 -0.0030948370695114136 -0.01893412135541439 -4.2096108110440235e-16 -0.14611883461475372 -7.287274624880047e-13 -0.0933365449309349 -0.10132739692926407 0.027858126908540726 0.042171817272901535 -0.06347517669200897 1.8396076770524523e-20 -0.11785723268985748 0.15215735137462616 -0.016667483374476433 0.0149426544085145 0.04381329193711281 0.06337784975767136 0.008830455131828785 -2.332895155137831e-19 0.004261641763150692 0.036862216889858246 -0.0022413202095776796 -0.007947009988129139 0.1591673344373703 0.0392288938164711 -0.11678845435380936 5.240658993261966e-20 -0.16800512373447418 0.09289921820163727 -0.27156326174736023 -0.049209121614694595 -0.0220626387745142 0.177094966173172 -0.16116772592067719 -0.22412380576133728 0.12973085045814514 -0.21744993329048157 -0.21141551434993744 0.056890588253736496 0.23025396466255188 0.14461463689804077 -0.1442289799451828 0.18753769993782043 -0.19037120044231415 0.029344692826271057 0.19763530790805817 0.21820944547653198 0.1909279227256775 -0.09211930632591248 -0.15699274837970734 -4.433013897997773e-16 0.15264301002025604 -3.4419021684278434e-17 0.05283835902810097 0.0656445249915123 0.1344643533229828 0.09456852078437805 -0.06884562224149704 8.16528834428126e-15 -0.21150906383991241 0.1598586142063141 0.08108535408973694 0.04463472217321396 0.12069471180438995 0.07792195677757263 0.05460226908326149 8.137795757713297e-20 -0.10183633863925934 0.1626652479171753 -0.09393303096294403 0.02476206049323082 0.06490784138441086 0.014201498590409756 -0.03204420208930969 -1.1960889779498115e-15 -0.032288916409015656 0.18416641652584076 -0.15986181795597076 -0.013602439314126968 -0.07976464182138443 0.16767634451389313 0.09501931816339493 -0.22169135510921478 -0.21712902188301086 -0.03772668167948723 0.13374044001102448 0.1559026688337326 -0.06348590552806854 -0.19180724024772644 0.13190558552742004 0.13178996741771698 -0.08745952695608139 0.0773436650633812 -0.12799766659736633 0.25354206562042236 0.17169320583343506 -0.14397688210010529 -0.22186826169490814 5.3180792211878083e-20 0.015453150495886803 -4.3902008823766005e-16 0.03907480463385582 -0.01542468648403883 -0.10353995114564896 -0.06257010251283646 0.058645181357860565 2.0547591406128163e-11 0.04661130905151367 0.00680546322837472 -0.18636348843574524 -0.008874384686350822 -0.01506915781646967 -0.11229744553565979 0.07931197434663773 -5.2081537032454733e-20 -0.03838910534977913 -0.05893459916114807 -0.03525224328041077 -0.06579006463289261 -0.04768732935190201 -0.10890893638134003 -0.016089262440800667 7.84796777938317e-15 0.31886130571365356 -0.1328076720237732 0.17358697950839996 0.18080338835716248 -0.10669156163930893 -0.18458399176597595 0.0061817467212677 0.028620829805731773 -0.008292908780276775 -0.008063741959631443 0.016846459358930588 0.04745618999004364 -0.06591057777404785 -0.047761548310518265 0.018966514617204666 -0.0416419543325901 0.04935486614704132 -0.06815870851278305 0.02898065745830536 -0.008618248626589775 -0.03215871751308441 0.065139040350914 -0.060910552740097046 7.830056915347772e-12 -0.12243733555078506 9.187330289248458e-17 -0.0973374992609024 0.017176926136016846 -0.11778247356414795 -0.13253793120384216 0.0014217117568477988 1.323414368393592e-17 -0.03884568810462952 0.09446702152490616 -0.00982489064335823 0.002152455737814307 -0.03316357359290123 0.08821256458759308 0.008877390995621681 -4.004507500338789e-15 -0.09987001866102219 -0.06473232060670853 -0.05069619044661522 0.06346441060304642 0.10987731069326401 0.045297034084796906 -0.0984782949090004 -4.775228200056339e-14 -0.06230273097753525 0.1231025755405426 0.04926026985049248 -0.1476554274559021 0.07870906591415405 0.12697944045066833 -0.1886049062013626 -0.15107019245624542 -0.13604354858398438 0.1274891495704651 0.2492869645357132 -0.17782774567604065 0.09873109310865402 -0.15026040375232697 0.24896958470344543 0.052461665123701096 -0.1626409888267517 -0.09279611706733704 -0.07754512131214142 -0.12097542732954025 0.2014922946691513 0.024039627984166145 0.21924817562103271 2.211397677693912e-18 -0.05294325575232506 -5.903221616628992e-20 0.16417987644672394 -0.046002425253391266 0.08325429260730743 0.08485130965709686 -0.10324181616306305 -8.374225561025061e-19 -0.20887230336666107 0.04761534184217453 0.18107905983924866 -0.02247611992061138 -0.003768923692405224 0.023269588127732277 -0.014709856361150742 1.51316133298454e-20 -0.11269369721412659 0.0565115325152874 -0.0016364979092031717 0.05575235188007355 0.03741858899593353 0.046214520931243896 0.09955719113349915 -4.995124814130428e-16 -0.0469270758330822 0.26698726415634155 -0.11374266445636749 -0.010610818862915039 0.035435084253549576 0.09140760451555252 -0.017863748595118523 -0.23734594881534576 0.24762816727161407 -0.2345973700284958 -0.22280237078666687 -0.18439576029777527 0.10000570118427277 0.241928368806839 -0.14664697647094727 0.07983477413654327 0.16324664652347565 0.14586284756660461 -0.23201408982276917 -0.18656083941459656 -0.19009368121623993 -0.19415982067584991 -0.17900165915489197 5.672164868383642e-20 0.057702045887708664 -7.160557473459761e-20 -0.0744190588593483 0.01924489438533783 -0.07567203789949417 0.01040076743811369 0.016234079375863075 -1.6091395918900263e-16 0.17977435886859894 -0.07170175015926361 -0.03422923386096954 0.16849765181541443 -0.11036897450685501 0.005110680125653744 -0.012895475141704082 8.150339014662126e-21 0.048171013593673706 0.03198854625225067 0.18035465478897095 0.057163868099451065 -0.13466766476631165 -0.10839677602052689 0.01339485589414835 -9.917246078482977e-21 -0.1922149956226349 0.18001297116279602 0.04621416702866554 0.045469898730516434 -0.006842067930847406 0.02560383267700672 0.021580832079052925 0.19363662600517273 0.14767244458198547 0.1990526020526886 0.07389190793037415 0.009775630198419094 0.004283569287508726 -0.22005636990070343 0.1328815519809723 0.011817200109362602 0.11673889309167862 -0.07839833199977875 -0.20733225345611572 -0.058903176337480545 0.17461225390434265 -0.24733909964561462 0.21917954087257385 -1.183590895764077e-19 0.10135623812675476 -4.170544094349152e-19 0.15551066398620605 0.1597411334514618 -0.11077941954135895 -0.07415749132633209 0.004386439919471741 1.9737501563699134e-11 0.07478663325309753 -0.08569633960723877 -0.09137532860040665 0.08236610144376755 -0.10319750010967255 -0.026995263993740082 -0.0590047612786293 -7.451669989868904e-19 -0.08512440323829651 0.1429973691701889 0.08851898461580276 -0.05520149692893028 -0.007851698435842991 -0.0598611943423748 -0.04614095389842987 2.0096430530158234e-19 -0.20206555724143982 0.01068874541670084 -0.23456424474716187 -0.1974593847990036 0.0768447294831276 0.23416362702846527 -0.0625530332326889 0.21027638018131256 -0.016871877014636993 -0.09013526886701584 0.19930598139762878 0.1963803619146347 -0.24202565848827362 0.05649556964635849 -0.04476203769445419 -0.17600052058696747 -0.20723286271095276 -0.15913622081279755 0.15872883796691895 0.06523378938436508 0.17295561730861664 -0.17143484950065613 0.1553347259759903 8.263100215019279e-17 -0.06680747866630554 9.263275910220692e-13 0.05290238559246063 -0.051462773233652115 0.0054036155343055725 -0.04294760152697563 0.07712285965681076 2.188927729944215e-18 -0.09477613121271133 -0.025774627923965454 -0.15233291685581207 -0.2024778574705124 0.08709109574556351 -0.1229044646024704 -0.0015535136917605996 4.7756527541453265e-16 0.07069288194179535 -0.0027398152742534876 -0.00677687069401145 0.06135451793670654 0.07451171427965164 0.06808872520923615 -0.06093284860253334 -1.108260946783808e-20 0.32710278034210205 -0.13296379148960114 0.32381659746170044 0.21582123637199402 -0.1251562237739563 -0.3362760543823242 0.08963099867105484 0.014413440600037575 0.019639695063233376 -0.032484572380781174 -0.06246355548501015 -0.0020092795602977276 -0.02484036795794964 -0.060822904109954834 -0.007806094828993082 -0.058846574276685715 0.02619986981153488 0.005458221770823002 -0.03752506524324417 -0.007930335588753223 -0.02010205015540123 0.021161556243896484 -0.061219554394483566 9.648903647138917e-19 -0.1418212205171585 -4.3280081499689436e-17 0.03921978548169136 -0.053136907517910004 -0.15436606109142303 0.09660771489143372 0.14228565990924835 -4.543927354608984e-13 0.01815509796142578 0.024667277932167053 -0.0994640588760376 0.1687987744808197 0.0864463821053505 -0.09669549763202667 -0.11151353269815445 -7.532090039984958e-19 -0.10871116071939468 0.014595326036214828 -0.023717394098639488 -0.10241207480430603 -0.1423598974943161 -0.1506446897983551 0.12917794287204742 1.1039130593020305e-17 -0.04441310092806816 0.06289321184158325 0.05820256471633911 0.0959007740020752 0.07155987620353699 0.0859277993440628 0.07064750045537949 0.19904528558254242 0.19692178070545197 -0.20962931215763092 -0.24396297335624695 0.17155879735946655 0.1308297961950302 -0.07608771324157715 0.1474684774875641 0.1157415434718132 0.16509199142456055 -0.2349565327167511 -0.1178070604801178 -0.1407536268234253 0.054875098168849945 0.14321836829185486 -0.18451401591300964 2.566227132934384e-16 0.04290914535522461 -1.302318185661611e-16 0.11292374134063721 -0.09122306853532791 0.06731460988521576 -0.13249145448207855 0.09113352745771408 3.359646015166348e-19 0.08240111172199249 -0.04227714240550995 0.07591960579156876 -0.05026572197675705 0.07361871749162674 0.014805431477725506 -0.009694568812847137 2.406415970938037e-17 0.03480755165219307 0.026022987440228462 -0.02578241005539894 -0.03878771886229515 0.04935285449028015 -0.0773409903049469 0.017436645925045013 6.000696918122316e-15 -0.15690964460372925 0.012319768778979778 -0.14548052847385406 0.000672758324071765 -0.02770838886499405 -0.013753722421824932 -0.124613456428051 -0.24186739325523376 0.12346858531236649 0.18474535644054413 -0.22017249464988708 -0.17041803896427155 -0.17737601697444916 -0.2638349235057831 0.2203550636768341 0.04125446081161499 0.050964973866939545 0.1360299438238144 -0.26625967025756836 0.1117754578590393 -0.19839268922805786 0.1552339494228363 0.14728564023971558 -2.7542675171826625e-12 0.10402150452136993 -1.9214132546945325e-19 0.10429271310567856 0.09768246859312057 0.157541885972023 0.06949533522129059 -0.13019965589046478 1.1979966338726002e-19 0.002827012212947011 -0.10874991118907928 0.168509840965271 0.038484688848257065 -0.07284242659807205 -0.14298851788043976 -0.01397368311882019 -3.463495274949732e-15 0.012964927591383457 0.028197944164276123 0.04227564111351967 -0.03024570271372795 0.1737573742866516 0.09338946640491486 -0.012800430878996849 -1.6759804951439237e-19 -0.04946029931306839 0.05530485510826111 -0.13467326760292053 -0.29477807879447937 0.007087784819304943 0.20087337493896484 0.059608470648527145 -0.12614914774894714 0.1379423439502716 -0.22236159443855286 -0.17738077044487 0.16867688298225403 0.176315039396286 0.19107042253017426 0.19429653882980347 -0.013711377047002316 0.09514595568180084 0.14459645748138428 0.14646078646183014 -0.11810484528541565 0.03936036676168442 0.20363381505012512 -0.02767881751060486 1.2673748567868368e-19 -0.029500694945454597 2.5356068148599464e-20 -0.01125701516866684 0.06932158768177032 -0.121986985206604 -0.033279526978731155 0.13741818070411682 3.507004428507034e-20 0.08557536453008652 0.05715271085500717 -0.03539019078016281 0.021901139989495277 0.0009348834282718599 -0.11616279184818268 0.08161406964063644 -3.333856829432902e-16 0.16151629388332367 -0.04804185777902603 -0.07221260666847229 0.05677048861980438 -0.03350399434566498 -0.03605889156460762 -0.11359457671642303 -1.7056041593249204e-19 -0.13443034887313843 0.22404855489730835 -0.11736585944890976 0.0037891617976129055 -0.042233243584632874 0.12532351911067963 -0.12065092474222183 -0.26358142495155334 0.10867752879858017 -0.2129201591014862 -0.23358286917209625 0.18251588940620422 -0.23353071510791779 0.15886595845222473 -0.19416595995426178 0.16134488582611084 0.13812775909900665 0.12199707329273224 0.17414410412311554 -0.21518968045711517 0.04341353476047516 0.13074924051761627 -0.21168740093708038 -5.403992140926017e-13 -0.08739428222179413 1.3686647874949378e-17 0.06385695934295654 0.06279077380895615 -0.06560273468494415 0.05014539882540703 0.0181884802877903 3.5541600044985966e-13 -0.02801183983683586 -0.05394003167748451 0.03645941987633705 -0.09606744349002838 -0.05848987028002739 0.010160759091377258 -0.07405246794223785 -1.5661623312864252e-15 -0.08898179233074188 0.14856268465518951 -0.1726495921611786 -0.08488436043262482 -0.037957917898893356 0.0033037925604730844 0.016012093052268028 -1.5186334828554138e-11 0.34412288665771484 -0.3071233034133911 0.3298773467540741 0.13755957782268524 0.047692038118839264 -0.09020419418811798 -0.03405872732400894 0.018539605662226677 -0.032416313886642456 -0.010978054255247116 -0.0748462900519371 -0.009985871613025665 0.0027686578687280416 -0.036906804889440536 0.014043093658983707 0.006103935185819864 -0.032157883048057556 -0.028531376272439957 -0.030443353578448296 -0.007460667751729488 -0.027201227843761444 -0.01596345566213131 0.006705256644636393 4.90792003424277e-19 0.0913139134645462 1.978845385867091e-16 0.036318399012088776 -0.04096407815814018 -0.05159637704491615 -0.057474542409181595 0.14822138845920563 -8.499990025257007e-15 -0.09319862723350525 0.04165709391236305 -0.04234215244650841 -0.05486563593149185 -0.06467674672603607 0.13770440220832825 0.0648413598537445 2.8379048785422134e-13 -0.157451793551445 0.05053534358739853 -0.13746440410614014 -0.06451519578695297 0.007388092577457428 0.034687161445617676 -0.22047178447246552 4.142061924027919e-14 -0.14644019305706024 0.27990180253982544 -0.06911580264568329 -0.08717363327741623 0.11390498280525208 0.1986912190914154 -0.19166716933250427 0.260756254196167 -0.12304230034351349 -0.12105300277471542 -0.11184566468000412 0.0451599545776844 -0.015558967366814613 -0.1597229391336441 -0.09723465889692307 0.04735927656292915 0.02870572730898857 -0.031238488852977753 0.04033786430954933 0.21478193998336792 0.1792500615119934 0.1237027570605278 0.06056360900402069 -1.1627179494338847e-18 0.050556574016809464 8.394764869225059e-17 0.005596031900495291 0.04118878394365311 -0.06419432908296585 -0.18533247709274292 -0.18138977885246277 -9.588812077564237e-19 0.18741095066070557 -0.162220299243927 -0.1796077936887741 -0.1699926108121872 -0.06492216885089874 -0.15745560824871063 -0.09344824403524399 -4.2488442356515974e-18 0.08703207224607468 -0.1802721917629242 0.08539333939552307 -0.018122602254152298 -0.005726352334022522 -0.23519398272037506 -0.1298409104347229 6.084238461458858e-20 0.21156713366508484 -0.06919372081756592 0.25164785981178284 0.048282600939273834 -0.1416817158460617 -0.20329664647579193 -0.18434639275074005 -0.09719303995370865 -0.09939558058977127 0.04835834726691246 -0.011284134350717068 -0.05067407339811325 -0.03676329180598259 0.11513660848140717 -0.0050719622522592545 0.07857926189899445 -0.12352167814970016 0.172708198428154 0.012142368592321873 -0.1157914251089096 0.14246134459972382 0.022125406190752983 -0.07873403280973434 4.052468199878222e-15 -0.10759877413511276 1.474504862976813e-17 0.020902475342154503 0.06643088161945343 0.0673554539680481 0.07356549054384232 -0.08513180166482925 -1.0221687964228558e-18 0.019303414970636368 0.11205355077981949 -0.09176197648048401 0.13582924008369446 0.11187729239463806 0.0863916352391243 -0.021382270380854607 5.535613117381564e-19 -0.05486429110169411 0.1017172783613205 -0.10230963677167892 0.06717099249362946 -0.020052671432495117 -0.020954152569174767 -0.022223616018891335 -8.505962427463043e-12 -0.15679916739463806 0.07338223606348038 -0.01163583155721426 0.051841266453266144 0.11094292253255844 0.07778804749250412 -0.10234231501817703 -0.23879510164260864 -0.24141745269298553 -0.01360485702753067 -0.1373261958360672 -0.21547730267047882 -0.15492142736911774 0.18293888866901398 -0.11251948028802872 -0.19508184492588043 0.1524726152420044 0.21068157255649567 0.16533949971199036 -0.24975888431072235 0.014672011137008667 0.12934933602809906 0.27298349142074585 5.294417073530875e-19 0.11317837983369827 -1.1451806037539335e-16 0.13352759182453156 -0.03372444584965706 0.16074314713478088 -0.0003200220235157758 -0.020789653062820435 -2.3787465519734697e-19 0.0033063418231904507 -0.13174057006835938 0.010244542732834816 -0.054753176867961884 -0.01158888265490532 0.03397703543305397 0.10939125716686249 -1.7225693751944416e-19 0.11659618467092514 0.168893501162529 0.1178964227437973 -0.005090485792607069 0.05610549449920654 0.03217178210616112 0.05681309103965759 -1.8626822679805312e-19 0.3251279890537262 -0.23741398751735687 0.29631632566452026 0.35240164399147034 -0.011267243884503841 -0.15243332087993622 0.14673496782779694 -0.014084568247199059 0.07313843816518784 0.0034505880903452635 0.015716340392827988 -0.02571350336074829 -0.02397758513689041 0.0348578616976738 -0.015855906531214714 -0.021742811426520348 0.04829684644937515 0.004758120980113745 -0.05246688425540924 -0.08895639330148697 -0.018662642687559128 -0.02887755259871483 0.14518263936042786 -2.313353122767697e-16 0.018088147044181824 4.49816914402032e-14 -0.03881419822573662 -0.1287783533334732 -0.04736556485295296 -0.06659827381372452 0.01724066771566868 7.85665839325669e-20 -0.11798550933599472 0.16981860995292664 0.10492473095655441 0.12911345064640045 0.06570996344089508 0.08541280776262283 -0.05499543622136116 1.4985873476318934e-19 -0.07517538219690323 -0.04052925482392311 -0.027346843853592873 0.29631248116493225 -0.038689885288476944 0.055213190615177155 0.029514918103814125 -8.393417185212057e-20 -0.1167277917265892 0.07998116314411163 -0.17132611572742462 -0.20852415263652802 -0.004152154549956322 0.10287129133939743 0.13530796766281128 -0.16521255671977997 0.175615131855011 -0.18458887934684753 0.1346581131219864 -0.20008732378482819 0.09490090608596802 -0.0029697921127080917 -0.19349342584609985 0.20071163773536682 -0.07785553485155106 -0.005297030787914991 0.23736323416233063 -0.2124645859003067 -0.1955413818359375 -0.22821424901485443 0.32037293910980225 -1.2097653460376984e-19 -0.023976562544703484 6.548801756954548e-13 0.10046442598104477 0.12010898441076279 -0.029160862788558006 0.06535523384809494 -0.1602180302143097 -4.383900082214662e-19 -0.020667728036642075 0.06735178828239441 0.027585307136178017 0.07717613130807877 -0.10062149167060852 0.02040800265967846 -0.08191143721342087 1.7139665158781311e-18 -0.005945633165538311 0.08483076840639114 -0.053051840513944626 0.1118001863360405 0.10324081778526306 0.06767071783542633 0.06071918085217476 -3.6799116000501425e-14 -0.20067493617534637 0.23657742142677307 -0.022914806380867958 0.05861882492899895 -0.13018685579299927 -0.014911197125911713 0.1496504247188568 0.1071387305855751 -0.25254228711128235 0.26328882575035095 -0.041430678218603134 -0.19942109286785126 -0.10435499250888824 0.26987341046333313 -0.22145986557006836 0.2633393704891205 -0.19468571245670319 -0.2656093239784241 0.07328076660633087 0.20614781975746155 -0.19441528618335724 0.24086180329322815 0.1692618876695633 -3.2312709445193565e-19 0.09538575261831284 9.636442494328232e-21 0.10953067988157272 -0.011162353679537773 0.017923081293702126 0.08095760643482208 -0.012087737210094929 -1.4930707250304125e-18 -0.0029149604961276054 0.03946557268500328 0.06910277158021927 -0.033401742577552795 -0.028140366077423096 -0.07719473540782928 0.011104864999651909 3.6344842700113926e-20 -0.0044237179681658745 -0.1014670878648758 -0.04602213203907013 0.00411634985357523 0.05464251711964607 -0.13109074532985687 0.047030266374349594 -1.3562795776193039e-17 -0.01598130352795124 0.3343655467033386 -0.05387421324849129 0.025392968207597733 -0.06169171631336212 0.0284635741263628 0.002704114420339465 0.1387639194726944 -0.24968823790550232 0.07423834502696991 -0.07058810442686081 -0.11287394911050797 0.14724372327327728 -0.20548032224178314 -0.021393241360783577 0.025004157796502113 0.12625020742416382 -0.2405504435300827 -0.2178698182106018 0.1545991599559784 0.18012842535972595 0.1574627012014389 -0.21109037101268768 1.5522884610059918e-15 -0.05592433363199234 -1.176739788496478e-20 0.11481539160013199 0.0553499199450016 0.04524281248450279 -0.020811652764678 -0.07162699103355408 -7.163136728736974e-13 -0.174474835395813 0.14313438534736633 -0.045374464243650436 0.12207847088575363 0.12139490246772766 -0.121149942278862 -0.031834714114665985 2.0653064761871898e-13 -0.1937205195426941 0.1478365659713745 -0.08550391346216202 0.1864769160747528 -0.08936671167612076 0.05817751958966255 -0.09451902657747269 6.463263728200257e-15 -0.10677298903465271 0.12627695500850677 -0.13339293003082275 -0.14749345183372498 -0.09258747845888138 0.07609052211046219 -0.19372661411762238 -0.19386255741119385 0.13150610029697418 0.16111479699611664 -0.1539875566959381 0.28571048378944397 0.27188733220100403 0.03531685471534729 -0.0667266771197319 -0.16335350275039673 -0.20273607969284058 -0.09346748888492584 0.23492969572544098 0.06111432611942291 -0.04515325278043747 0.07400216162204742 -0.10487480461597443 -9.081963493425861e-15 -0.09624150395393372 1.666975729447489e-19 0.043778009712696075 0.13649381697177887 0.06870441883802414 0.06023022532463074 -0.051139913499355316 -2.556548094063554e-17 -0.018956070765852928 0.12771722674369812 0.11596200615167618 0.02933376096189022 0.14315544068813324 -0.023337163031101227 0.005471711978316307 -1.2669631627921146e-16 -0.2655884325504303 0.1081770732998848 -0.15675927698612213 0.12293753772974014 0.15399669110774994 0.03557531163096428 0.03978380933403969 -4.341005738195663e-16 -0.11903252452611923 0.1433534324169159 -0.1418781280517578 -0.021134033799171448 0.020872414112091064 0.04276258498430252 -0.1366264373064041 0.20273777842521667 -0.2556433081626892 0.17913028597831726 0.045624084770679474 -0.19839631021022797 0.09615526348352432 -0.13920384645462036 0.22860881686210632 -0.1815672665834427 0.2320919632911682 -0.1789238154888153 -0.23527245223522186 -0.206902414560318 -0.11169563233852386 0.14670315384864807 -0.017720578238368034 -3.7327281236234036e-20 0.08968793600797653 7.971299349923642e-17 -0.07837725430727005 -0.04259977489709854 -0.0729973316192627 -0.07934653013944626 0.13286778330802917 -1.6358377326330942e-12 0.0779370591044426 0.043272968381643295 0.030431563034653664 0.07561296224594116 0.11009834706783295 0.03392002359032631 0.1457262635231018 -1.583582869758102e-19 0.06265701353549957 0.09632599353790283 0.11228327453136444 0.10657531023025513 0.007722781505435705 0.0643884465098381 0.0633038729429245 6.615873647530801e-12 0.050501275807619095 0.06022975966334343 -0.09407879412174225 -0.16136431694030762 -0.12794692814350128 -0.08590994030237198 0.0756726861000061 -0.17970788478851318 0.11973206698894501 0.04755948856472969 -0.13768669962882996 0.1258459985256195 0.1638542264699936 0.08488684147596359 -0.05281668156385422 0.15703222155570984 0.08675537258386612 0.042371027171611786 -0.008322621695697308 0.1997043937444687 0.008660397492349148 0.08417881280183792 -0.07312596589326859 -8.266051383686631e-15 -0.01398513000458479 -1.424482304504799e-19 0.03950871527194977 0.08008790016174316 -0.15788254141807556 -0.007591685745865107 0.024717800319194794 2.370985529876191e-19 -0.16646604239940643 0.2104814052581787 0.01638185791671276 0.06605681031942368 0.09014955908060074 -0.039066191762685776 -0.18682144582271576 4.0444023286379926e-16 -0.02281855419278145 -0.08191142976284027 0.14557109773159027 -0.12848854064941406 0.09238792210817337 -0.015070518478751183 0.05015312880277634 -8.13738927599041e-22 -0.1984294205904007 0.21775677800178528 0.03115515224635601 -0.05830920860171318 0.06449532508850098 0.09927331656217575 0.06275474280118942 0.11650515347719193 0.012871015816926956 -0.042304545640945435 0.08284348249435425 0.21287250518798828 -0.25560712814331055 -0.20625989139080048 -0.2701394557952881 -0.2531110644340515 0.15431474149227142 0.186138316988945 0.17451977729797363 0.1820376068353653 0.027682436630129814 0.07647981494665146 0.03456819802522659 -8.191002570494006e-15 -0.008353643119335175 -1.2312597893512537e-18 -0.1815587878227234 -0.09336523711681366 -0.026981784030795097 -0.04273684322834015 0.07849142700433731 -6.942520418809026e-21 -0.09530208259820938 -0.037892743945121765 0.03238994628190994 0.14923758804798126 -0.1364613026380539 0.058092206716537476 0.1222413033246994 -6.959013443622042e-13 0.00503477593883872 0.09239747375249863 -0.03167765215039253 0.15295188128948212 -0.18978525698184967 0.08926323056221008 -0.031772736459970474 -1.0659394721264056e-18 -0.15416967868804932 0.23938952386379242 -0.12947474420070648 -0.11248251050710678 0.0048074061051011086 0.08767006546258926 0.09226932376623154 -0.16696424782276154 -0.08505989611148834 0.21204783022403717 -0.011238460429012775 -0.1323312222957611 -0.004833616781979799 -0.2135390043258667 -0.08064360171556473 0.060009051114320755 0.22690623998641968 0.22548098862171173 0.04038136452436447 -0.2148587703704834 -0.22760732471942902 -0.2031165063381195 0.11073333770036697 -1.2504725195685668e-20 0.07929106801748276 4.1493602573556104e-20 0.09828618168830872 -0.13004936277866364 0.06890787184238434 0.0603451207280159 -0.013507615774869919 -5.673723142240843e-15 0.07608726620674133 0.04632061719894409 0.07256930321455002 -0.03208177164196968 -0.01155249122530222 -0.08954335749149323 0.08989909291267395 2.993622213026813e-20 -0.1834471970796585 0.02437319979071617 0.04846427962183952 -0.004749614745378494 -0.003840748453512788 0.02291800267994404 0.07855387032032013 7.300114831208793e-13 -0.3113166093826294 0.2395874559879303 -0.11692045629024506 0.17507922649383545 -0.022942980751395226 -0.004216799046844244 -0.013438004069030285 -0.23694567382335663 0.13937558233737946 -0.21092469990253448 0.18419168889522552 0.1640869379043579 0.22123129665851593 0.1573779582977295 0.09733167290687561 -0.24150921404361725 -0.21910643577575684 0.13266204297542572 0.15177935361862183 -0.26770833134651184 0.1719241887331009 -0.2446470856666565 0.20431335270404816 2.8673365592481e-17 -0.11669134348630905 2.406543697964373e-19 -0.06899622827768326 -0.13780838251113892 0.10269539058208466 0.12296448647975922 -0.10057064145803452 2.539547878114364e-19 0.015194961801171303 0.033972304314374924 0.13488663733005524 -0.029863394796848297 0.06407379359006882 -0.032102663069963455 -0.10049828886985779 -6.414861089220594e-17 -0.09970001876354218 0.06018903851509094 -0.04796271398663521 -0.026477033272385597 0.011098328046500683 0.11619037389755249 -0.11641613394021988 7.0822533831970715e-15 -0.10133014619350433 0.14878351986408234 -0.18356843292713165 -0.08816203474998474 0.0759049728512764 0.04649806022644043 -0.08709871768951416 0.10375206917524338 0.08808603882789612 -0.19784298539161682 -0.24873188138008118 0.24729497730731964 -0.21681587398052216 0.294033944606781 -0.22562947869300842 0.16885675489902496 -0.21298393607139587 0.16971048712730408 -0.23144473135471344 0.2213600128889084 0.250891774892807 -0.2227807641029358 -0.10357767343521118
b1 32
0.15412414073944092 0.11304880678653717 0.231347918510437 0.014366292394697666 -0.03010854870080948 0.06764250993728638 0.23328538239002228 -0.17553867399692535 0.047473445534706116 -0.007552333176136017 0.053282495588064194 0.13743798434734344 0.054095614701509476 0.2124980241060257 0.09964752942323685 0.188666433095932 0.20560242235660553 -0.15008018910884857 0.10246885567903519 0.1693878024816513 0.24181148409843445 -0.1738603711128235 0.10147979855537415 0.04884573444724083 0.06438950449228287 0.1712912619113922 0.11377927660942078 0.17557749152183533 0.2559035122394562 0.06026677414774895 0.21362245082855225 0.018672732636332512
W2 1024
-0.12849071621894836 0.06919556856155396 0.10431260615587234 0.058142825961112976 0.011689438484609127 0.007320866920053959 0.0875316634774208 0.23913560807704926 0.009068918414413929 -0.013724475167691708 0.12317952513694763 -0.1028132438659668 0.1091587245464325 0.16518732905387878 0.06831140071153641 0.11271931231021881 -0.222956120967865 0.18173132836818695 -0.03058396838605404 0.21413128077983856 -0.09843482077121735 0.2852354645729065 -0.05092794448137283 -0.000927839195355773 -0.15944772958755493 0.03515185788273811 -0.08456768095493317 0.12790042161941528 0.1030406728386879 0.13433687388896942 -0.05374622344970703 0.08091364055871964 0.036905959248542786 -0.02356470189988613 0.09615659713745117 0.10504316538572311 -0.13812105357646942 -0.03496955335140228 0.03768057003617287 -0.09421132504940033 0.10445372015237808 0.08777263760566711 0.05788956582546234 0.07548609375953674 0.008966921828687191 0.125582754611969 0.02307066321372986 0.16206449270248413 -0.007511555682867765 -0.17699795961380005 0.011735450476408005 0.08442283421754837 0.12007896602153778 -0.06249059736728668 -0.006533781997859478 0.048762764781713486 0.05264845862984657 -0.03675779327750206 0.1643257886171341 0.0920921191573143 0.08253636211156845 0.03643493726849556 -0.01663709245622158 -0.03436419740319252 0.09437943994998932 -0.14251631498336792 -0.09820687025785446 -0.012064515613019466 0.11213774979114532 -0.14124451577663422 -0.059093281626701355 0.04760079085826874 0.1339532881975174 0.10552847385406494 0.04821138456463814 -0.09340107440948486 -0.08657096326351166 0.10984956473112106 -0.12326320260763168 0.07004138827323914 -0.11755082756280899 0.006560106296092272 0.12743788957595825 0.11939772218465805 0.12162327021360397 -0.1268526166677475 -0.12421493232250214 -0.05026024952530861 0.01898839697241783 -0.0033438338432461023 -0.1580265462398529 0.015987101942300797 -0.16587647795677185 -0.10115618258714676 0.04456348717212677 -0.05595456436276436 0.04486432671546936 0.06026886776089668 0.07483736425638199 0.22710993885993958 -0.04066183790564537 -0.030709704384207726 -0.03286465257406235 -0.04462359473109245 0.2563433349132538 -0.03958972916007042 0.22577738761901855 0.11297595500946045 -0.023328889161348343 0.20695747435092926 0.2403177171945572 0.0944424420595169 0.13854487240314484 -0.22168758511543274 0.20580315589904785 -0.009637326933443546 0.18944650888442993 0.01599869504570961 0.20975765585899353 0.14178036153316498 0.06219622492790222 0.10160356014966965 0.09168315678834915 0.037319816648960114 0.25751808285713196 0.1999933421611786 0.009640292264521122 0.23267555236816406 0.10832396149635315 -0.03751484304666519 0.1519903689622879 0.20375514030456543 -0.08394160866737366 0.06496340781450272 0.11275272071361542 -0.009806906804442406 -0.01245336513966322 -0.017347145825624466 0.00776565819978714 0.1100139319896698 -0.17186172306537628 0.17363867163658142 0.11600244790315628 0.04195743054151535 0.1800348460674286 -0.028456922620534897 -0.011156419292092323 0.023082464933395386 0.16886617243289948 -0.006657513789832592 0.10250596702098846 0.18829332292079926 0.09933151304721832 0.02227047272026539 0.19771482050418854 0.10777667909860611 0.13440994918346405 -0.013996615074574947 0.13554170727729797 0.1363668143749237 0.08533027023077011 0.1721225529909134 0.10757549107074738 0.15237164497375488 0.06981652975082397 0.07749582082033157 0.1579974740743637 -0.15055450797080994 0.24242563545703888 0.18792147934436798 0.1528814285993576 0.12110462784767151 -0.08045632392168045 0.05499915033578873 0.2504088580608368 0.033518966287374496 0.02074343152344227 -0.2375263273715973 0.13330593705177307 -0.018831780180335045 -0.041142161935567856 0.07754696905612946 0.22126764059066772 0.028065556660294533 0.2186686396598816 0.0064851813949644566 0.053347598761320114 0.060520634055137634 0.13289642333984375 -0.05141718313097954 0.08253012597560883 0.20544104278087616 0.23229506611824036 0.08934604376554489 0.30050912499427795 0.05126916244626045 -0.13455116748809814 -0.050800614058971405 0.07807973027229309 0.0015726941637694836 0.026894882321357727 0.18314625322818756 0.25945261120796204 0.14751453697681427 -0.18509632349014282 0.22563211619853973 0.07562976330518723 0.11549441516399384 0.03915321081876755 -0.3101407289505005 0.01349527295678854 0.05591937154531479 0.06333621591329575 -0.09506656974554062 0.2643323242664337 0.14866529405117035 0.16910025477409363 0.13166393339633942 0.2122671902179718 0.24567462503910065 0.0468457005918026 0.010918832384049892 0.10097373276948929 0.10215684026479721 -0.18033595383167267 0.10803603380918503 -0.10884974151849747 0.0872236043214798 0.08280964940786362 0.14329411089420319 -0.022325880825519562 0.20264630019664764 -0.08898988366127014 -0.04951995983719826 0.07278529554605484 -0.02745760604739189 0.16409166157245636 0.15081258118152618 0.06620006263256073 -0.055138297379016876 0.03350671008229256 0.21266648173332214 0.0960768535733223 0.1780308485031128 -0.015139555558562279 0.2366907298564911 0.0009155429434031248 -0.036067526787519455 -0.11488186568021774 -0.044345658272504807 -0.053783562034368515 0.13151384890079498 -0.11318840831518173 -0.06847380846738815 0.07548176497220993 -0.09367641061544418 0.1552581638097763 0.19860874116420746 0.19375018775463104 0.09758543968200684 -0.029776448383927345 0.1909124106168747 -0.01800875924527645 -0.08912841230630875 0.16783423721790314 -0.005162368528544903 0.3426949679851532 0.061235830187797546 -0.11453127861022949 0.024651220068335533 0.023963769897818565 0.2309885174036026 0.08397552371025085 -0.11226353049278259 0.1385655552148819 0.09859933704137802 0.010387101210653782 -0.1330871880054474 0.1555165797472 0.25455957651138306 0.18287380039691925 0.06559554487466812 0.2585655152797699 0.21303856372833252 0.1582738757133484 0.18455299735069275 0.27096259593963623 0.001610968611203134 0.16355374455451965 0.227216437458992 0.05468646064400673 0.045580316334962845 -0.07875201851129532 0.13235771656036377 0.03678944706916809 -0.18583595752716064 0.21561458706855774 0.18619979918003082 0.19697681069374084 0.2026398926973343 -0.05954238399863243 0.25207826495170593 0.12480253726243973 0.05787620693445206 0.2250051349401474 -0.20274093747138977 0.14519686996936798 0.13630452752113342 0.19770383834838867 -0.0898442268371582 0.049172740429639816 0.17646761238574982 0.2937007546424866 0.03958217799663544 0.01581844687461853 0.14507274329662323 0.03907044976949692 -0.03446437418460846 0.2648148238658905 0.10123473405838013 -0.16199730336666107 0.017824765294790268 0.01905912347137928 -0.08709795773029327 0.0033478999976068735 -0.02624494768679142 0.13185487687587738 0.1382308304309845 0.06979583203792572 -0.17446063458919525 0.11394748091697693 -0.17521436512470245 0.17702896893024445 0.0905228927731514 -0.008438792079687119 0.05120546370744705 0.08104182034730911 0.2217266857624054 -0.08174917846918106 0.01764751598238945 0.1283719390630722 -0.005074142012745142 0.09645463526248932 -0.18093669414520264 -0.022968467324972153 0.06061510369181633 -0.12669192254543304 -0.04728196933865547 -0.05400184169411659 -0.19391916692256927 -0.15874376893043518 -0.12829962372779846 0.005719083361327648 -0.06415637582540512 0.07419810444116592 0.09947267919778824 0.05591235309839249 -0.03663112595677376 0.12088833004236221 0.10965573042631149 0.04104757681488991 -0.10754165053367615 0.044452399015426636 -0.06541293859481812 -0.09162569046020508 0.0057694618590176105 -0.1231471374630928 -0.09842132776975632 0.12381767481565475 -0.032995160669088364 -0.17649900913238525 0.07386142015457153 0.06718059629201889 -0.12088868021965027 -0.17689630389213562 0.014485586434602737 -0.12084382772445679 0.09273037314414978 0.05640473589301109 -0.025996819138526917 -0.17033396661281586 0.010730565525591373 -0.17070122063159943 -0.14078722894191742 0.10212138295173645 0.17802996933460236 0.1060657650232315 0.004404498264193535 0.07140757888555527 0.2317201942205429 0.20949521660804749 -0.05272114649415016 0.17494721710681915 0.14694026112556458 0.12419844418764114 0.23170897364616394 -0.12371968477964401 0.04131689295172691 0.2532099783420563 0.1471519023180008 0.1955316960811615 -0.05912059545516968 0.10692672431468964 0.1684512048959732 0.17729735374450684 -0.09296978265047073 0.007388569880276918 0.034796956926584244 0.0748772993683815 0.07990853488445282 0.1750199943780899 -0.08679680526256561 0.0689060389995575 0.015132978558540344 0.2323262095451355 0.17705073952674866 0.09194955229759216 -0.05841353163123131 0.030058976262807846 0.1064474880695343 0.09137482941150665 -0.06086995452642441 -0.13573889434337616 0.06682342290878296 0.10312677174806595 0.0461498498916626 0.05327659845352173 -0.055322591215372086 -0.11443725228309631 -0.024739665910601616 0.05967188999056816 0.03961377963423729 -0.0762682631611824 0.009675239212810993 -0.05987704172730446 0.06645825505256653 0.023829836398363113 0.0432966873049736 -0.06946433335542679 0.08771748095750809 0.0995318740606308 -0.0391925647854805 0.11726885288953781 -0.05493253841996193 -0.005848315544426441 -0.0974041223526001 0.021613318473100662 -0.06500504910945892 -0.15449853241443634 -0.15185420215129852 0.029575351625680923 -0.09739938378334045 -0.015272291377186775 -0.16656115651130676 -0.07024669647216797 0.11404244601726532 0.11540710926055908 0.04120495542883873 0.08573071658611298 -0.15438774228096008 0.23552249372005463 0.03831249102950096 0.10009044408798218 -0.19716867804527283 -0.038344841450452805 0.17981739342212677 0.058707740157842636 -0.005592814180999994 0.11446265876293182 0.10281728953123093 -0.15680958330631256 -0.0750371515750885 -0.11088503152132034 -0.1253223419189453 -0.13633356988430023 -0.008569205179810524 0.08747494965791702 -0.031247539445757866 0.0536331906914711 0.0795116201043129 -0.1349111944437027 0.022114835679531097 0.007805112283676863 0.008379929699003696 0.1961086541414261 0.07238154858350754 0.05588676780462265 0.10570970177650452 -0.00793461874127388 -0.09678339958190918 -0.13172605633735657 0.13235929608345032 0.19096127152442932 0.23625551164150238 0.058082129806280136 -0.013758908025920391 -0.16146963834762573 0.30398911237716675 -0.0714147686958313 0.2592950463294983 0.058177195489406586 0.2695520222187042 -0.07494736462831497 0.04224146157503128 -0.24065233767032623 -0.04129882529377937 0.03185639902949333 0.16896368563175201 -0.1801057755947113 -0.018592750653624535 -0.03910999000072479 0.05160526558756828 -0.046155720949172974 -0.004411064554005861 -0.026914376765489578 0.0038411994464695454 -0.03659295663237572 -0.06878011673688889 0.06868002563714981 -0.011296188458800316 0.062483079731464386 -0.013716565445065498 0.009383222088217735 -0.04915369674563408 0.016560129821300507 -0.015754561871290207 -0.004625206813216209 0.020933054387569427 0.04355146735906601 -0.06278752535581589 -0.055354438722133636 -0.0383450947701931 -0.034514885395765305 -0.019112177193164825 -0.018342867493629456 -0.013227002695202827 -0.05549083650112152 -0.024605559185147285 -0.06002894043922424 -0.003790604416280985 0.02544870600104332 -0.02939032018184662 -0.0881379023194313 0.06713204085826874 0.1489972472190857 0.04630529135465622 0.2779031991958618 0.08964718133211136 0.022067664191126823 0.21951653063297272 0.24481680989265442 -0.20511314272880554 0.13948243856430054 0.1603119671344757 0.21755827963352203 0.04811394587159157 -0.19747522473335266 9.915544069372118e-06 0.01557459682226181 0.1781291961669922 0.24203787744045258 -0.2842485308647156 0.01100922655314207 0.1466856598854065 0.004496898502111435 0.06801390647888184 0.019925978034734726 0.07984452694654465 0.2189379185438156 0.08158695697784424 0.1667686253786087 0.21475078165531158 0.09522695094347 0.0910845547914505 0.1666165143251419 0.260568767786026 0.12746025621891022 0.14519160985946655 0.09623779356479645 0.02923862636089325 -0.1362116038799286 -0.0049001192674040794 0.141977459192276 -0.17496421933174133 0.0657624825835228 0.12655122578144073 0.18314051628112793 0.14423446357250214 -0.07039399445056915 0.1421019583940506 0.07222872972488403 -0.014598015695810318 0.2480526566505432 -0.24647007882595062 0.029329398646950722 0.10689746588468552 -0.02668745629489422 0.05411618575453758 0.15106678009033203 0.09506538510322571 0.14882484078407288 0.07116568088531494 0.08175928890705109 0.0499880425632 0.21404746174812317 -0.033774636685848236 0.19868262112140656 -0.011979175731539726 -0.07902771979570389 -0.06908003240823746 0.06148374453186989 -0.013188879005610943 0.08688747882843018 0.11242108792066574 -0.07138130813837051 0.04181135445833206 0.007383828051388264 -0.16757744550704956 -0.06370250135660172 -0.06528855860233307 0.23255792260169983 -0.0935334786772728 0.10824471712112427 0.07350226491689682 0.10870406776666641 0.25930410623550415 -0.007729068864136934 0.15932609140872955 -0.11788021773099899 0.23045231401920319 -0.007623332552611828 0.04252113774418831 -0.10856568068265915 0.01881551370024681 0.11041714996099472 0.1166321411728859 -0.1452309638261795 -0.112462118268013 -0.05241936817765236 -0.03530127555131912 0.12165322154760361 0.24463436007499695 0.1881609857082367 0.04666479304432869 -0.08340553194284439 0.205998957157135 0.21076099574565887 0.08957234025001526 0.12806661427021027 0.08123613893985748 0.14339376986026764 0.22589965164661407 0.10933201014995575 -0.0028909945394843817 -0.010701748542487621 0.22772714495658875 0.07140254974365234 -0.219562828540802 0.03369470685720444 -0.05631592497229576 0.1832912117242813 -0.11842676252126694 -0.033222440630197525 0.03836843743920326 0.20791268348693848 0.07146881520748138 0.24471771717071533 0.00032652143272571266 0.12227226793766022 0.008497882634401321 0.24352118372917175 -0.07107718288898468 -0.02515583671629429 -0.0008343886001966894 -0.04755359888076782 0.1141827180981636 -0.07935325801372528 -0.05493754521012306 -0.025780830532312393 -0.05217944085597992 0.1003357395529747 -0.044807977974414825 0.001250072498805821 -0.0074820066802203655 -0.06002183258533478 -0.15315735340118408 -0.1293283849954605 0.06149258837103844 -0.016973396763205528 -0.06027350202202797 0.048606500029563904 -0.08622902631759644 0.038906536996364594 -0.07766527682542801 -0.08622854948043823 0.06501606106758118 0.09569882601499557 -0.14264583587646484 -0.0014481678372249007 -0.11010675877332687 0.0025092982687056065 -0.06150376796722412 -0.012590340338647366 0.05903216823935509 -0.15372952818870544 -0.00011884508421644568 -0.06083785369992256 -0.058445218950510025 -0.05310356989502907 -0.09183508902788162 -0.047519296407699585 0.11010359227657318 0.0025044232606887817 0.06507647782564163 -0.11468829214572906 -0.10517113655805588 0.04557272791862488 -0.060972798615694046 0.020246388390660286 0.025108613073825836 -0.15937873721122742 0.028888361528515816 -0.0036380549427121878 -0.13608039915561676 0.08576207607984543 -0.09406216442584991 0.009941802360117435 -0.029287738725543022 0.13561946153640747 -0.0284670852124691 -0.1401447206735611 0.11890820413827896 -0.04996507987380028 -0.05830599367618561 0.008665921166539192 0.10911740362644196 0.24553188681602478 0.05156945064663887 0.1938411146402359 0.1699647605419159 0.02052062749862671 0.1435578465461731 0.045002494007349014 -0.12010544538497925 0.05740765109658241 0.14566035568714142 0.048519812524318695 0.2612258791923523 -0.06866951286792755 0.008351669646799564 0.1131322905421257 -0.04751813784241676 0.22779090702533722 -0.14046411216259003 0.28097203373908997 0.013827393762767315 0.029795756563544273 -0.07011938095092773 0.12978807091712952 0.28364914655685425 0.20608586072921753 0.17658913135528564 0.22422507405281067 0.19772501289844513 0.1328386664390564 0.19290176033973694 0.29790788888931274 -0.04419669136404991 0.039433062076568604 0.16433429718017578 -0.024003932252526283 0.2018875628709793 -0.05830158665776253 0.17087829113006592 0.20484694838523865 -0.11803879588842392 0.032243698835372925 0.1425110399723053 0.05832171440124512 -0.04971204698085785 -0.15851381421089172 0.23869656026363373 0.18560297787189484 0.024652382358908653 0.22947317361831665 -0.05287596955895424 0.1436080038547516 0.13738220930099487 0.12555228173732758 -0.04774526506662369 -0.05771045386791229 0.07752946764230728 0.028933610767126083 0.0683172196149826 0.00585438497364521 0.23692242801189423 0.25582054257392883 -0.06675175577402115 0.14853858947753906 0.18897446990013123 0.18819965422153473 0.03716322034597397 -0.02941509708762169 0.17854055762290955 0.1805875450372696 0.10875197499990463 -0.0629047080874443 -0.03114769607782364 0.04509216174483299 0.2194567620754242 -0.011780505068600178 0.08488327264785767 -0.022602422162890434 0.236726313829422 0.2089022845029831 0.252486914396286 0.22463661432266235 -0.1913096308708191 -0.00983396079391241 -0.02113449200987816 0.23510266840457916 0.06355218589305878 0.10985776782035828 0.18554875254631042 -0.0397433266043663 -0.0013035995652899146 0.07012462615966797 -0.011159581132233143 0.19364900887012482 0.09027307480573654 0.006396568845957518 0.019638536497950554 0.09786727279424667 -0.13499076664447784 0.08626492321491241 0.046663545072078705 0.12931625545024872 -0.03061578795313835 -0.012143605388700962 0.013699628412723541 0.11801137775182724 -0.10429513454437256 -0.011207281611859798 0.039696864783763885 0.22819218039512634 0.08994095772504807 -0.10855978727340698 -0.0316314734518528 0.027142971754074097 0.09739300608634949 0.036807648837566376 0.1285807192325592 -0.07548884302377701 0.28802886605262756 -0.14832064509391785 -0.14602839946746826 -0.02383248694241047 0.011259937658905983 -0.024269036948680878 0.11709047108888626 -0.08241705596446991 0.1051003560423851 0.0028024143539369106 0.11322133988142014 0.17127124965190887 0.20101387798786163 0.2818067967891693 0.18029384315013885 -0.08570824563503265 0.01912662759423256 -0.03807681053876877 -0.1325903683900833 -0.004380476661026478 0.021747928112745285 0.10424584895372391 0.24071533977985382 -0.14964358508586884 0.1441112607717514 0.19645851850509644 0.13409803807735443 0.2318851351737976 -0.24057593941688538 -0.014671518467366695 0.047405704855918884 -0.04197157174348831 0.06419731676578522 0.08277586102485657 -0.005721173714846373 0.12801040709018707 0.25260889530181885 0.24056094884872437 -0.006467740051448345 -0.0005233559058979154 0.06468460708856583 0.21968966722488403 0.12439403682947159 0.22094660997390747 0.1753094494342804 0.1459246128797531 0.19645075500011444 -0.094876728951931 0.16431942582130432 0.15248127281665802 -0.07106982916593552 0.12374342232942581 0.005598667077720165 0.2589593827724457 -0.04409824684262276 -0.13860337436199188 0.016541849821805954 0.20106551051139832 0.15447497367858887 0.014669285155832767 -0.21607857942581177 0.11360292881727219 0.06778624653816223 0.20755502581596375 -0.07701454311609268 0.23877404630184174 0.2395942062139511 0.08866576105356216 0.028573663905262947 0.008811671286821365 0.21795989573001862 -0.00433069933205843 0.2533155679702759 0.05591127648949623 0.1689079850912094 0.06988237798213959 0.13142457604408264 0.14716486632823944 0.19181984663009644 0.007728517055511475 -0.024084793403744698 0.17373783886432648 0.041078485548496246 0.1110568568110466 0.22258441150188446 0.050263822078704834 0.14534644782543182 -0.19774219393730164 -0.05981672555208206 0.03675978258252144 0.21478910744190216 -0.06135047599673271 -0.15205425024032593 0.12164052575826645 0.07336437702178955 0.07871198654174805 0.015171308070421219 0.09834843873977661 0.22551190853118896 -0.05848962068557739 0.18155038356781006 0.03988220542669296 0.08047322928905487 -0.002195371314883232 0.18651431798934937 0.24302783608436584 -0.08732014894485474 -0.04375068098306656 0.21390429139137268 -0.06805496662855148 0.08760804682970047 -0.09237373620271683 0.12281104922294617 0.2191164791584015 -0.0006395517266355455 -0.05570526793599129 0.12288195639848709 0.09328024089336395 -0.06951796263456345 -0.12613016366958618 0.1611948311328888 -0.052839845418930054 0.21896414458751678 -0.0007737904670648277 0.02906479500234127 0.15367309749126434 0.035390231758356094 0.1717318892478943 -0.03128889203071594 0.20578932762145996 0.0987715944647789 -0.05951396003365517 0.12075226753950119 -0.02275896444916725 0.07106044888496399 0.09482020139694214 0.25853532552719116 0.1274614781141281 0.20189033448696136 0.03389810025691986 -0.044129420071840286 0.1118943840265274 0.0974477007985115 -0.00027364716515876353 -0.0546141192317009 -0.020427130162715912 0.2679603099822998 0.10874796658754349 -0.07454134523868561 0.052148379385471344 -0.05923876166343689 0.2689361870288849 0.0757274478673935 -0.04553668573498726 0.11203492432832718 -0.19637788832187653 0.1487990766763687 0.10345491021871567 0.19600999355316162 0.025355083867907524 0.28648075461387634 0.08076724410057068 -0.10297073423862457 0.041102971881628036 0.07455885410308838 -0.11380182951688766 -0.041469506919384 -0.1550595760345459 -0.132280170917511 -0.20095133781433105 0.08529174327850342
b2 32
-0.158746600151062 0.20744198560714722 -0.03199061006307602 0.033966854214668274 0.17270538210868835 0.04742442071437836 0.2918590307235718 -0.10278438031673431 0.04356444254517555 0.19072231650352478 0.06968719512224197 0.08341337740421295 0.14698688685894012 -0.02647891826927662 0.13358190655708313 -0.10941877216100693 0.048776235431432724 -0.018626440316438675 0.05740179494023323 -0.07396448403596878 -0.003772670403122902 0.024510949850082397 -0.012136365287005901 0.26321113109588623 0.09632070362567902 0.07018224149942398 -0.12620261311531067 0.08256471902132034 0.0676117017865181 0.2468794882297516 0.187895730137825 -0.10801312327384949
W3 32
-0.3165093660354614 0.07155437022447586 -0.12663578987121582 0.20853713154792786 0.16999965906143188 0.20948989689350128 0.1602856069803238 -0.25356513261795044 0.24220621585845947 0.17367178201675415 -0.09803508222103119 -0.015408990904688835 0.24686138331890106 0.010496570728719234 -0.16339914500713348 -0.33131760358810425 -0.030610550194978714 0.20789054036140442 0.1365015208721161 -0.26102960109710693 0.26640933752059937 -0.010180200450122356 -0.07635752111673355 0.10848498344421387 0.25412607192993164 0.26118940114974976 -0.10075943171977997 0.23452121019363403 0.20965269207954407 0.2146705836057663 0.2751532793045044 -0.3326157033443451
b3 1
0.09572549909353256
feature_cols 48
t4_active t4_pm_min t4_pm_gap t4_pm_mean t4_pm_max t4_llr_abs_min t4_llr_abs_mean t4_llr_abs_max t8_active t8_pm_min t8_pm_gap t8_pm_mean t8_pm_max t8_llr_abs_min t8_llr_abs_mean t8_llr_abs_max t16_active t16_pm_min t16_pm_gap t16_pm_mean t16_pm_max t16_llr_abs_min t16_llr_abs_mean t16_llr_abs_max t20_active t20_pm_min t20_pm_gap t20_pm_mean t20_pm_max t20_llr_abs_min t20_llr_abs_mean t20_llr_abs_max branch_0 branch_1 branch_2 branch_3 branch_4 branch_5 branch_6 branch_7 branch_8 branch_9 branch_10 branch_11 branch_12 branch_13 branch_14 branch_15
