input_dim 64
hidden 32
log_input 1
y_mean 1.2038542032241821
y_std 1.8269412517547607
x_mean 64
0.8670539259910583 0.9498249292373657 1.0143420696258545 1.0620323419570923 1.101302146911621 1.1348087787628174 1.1640323400497437 1.1897128820419312 1.2131716012954712 1.2348554134368896 1.2560906410217285 1.2763117551803589 1.295770287513733 1.314624547958374 1.33250093460083 1.349873661994934 1.3669896125793457 1.3843940496444702 1.400699496269226 1.4173059463500977 1.4333714246749878 1.4488376379013062 1.4641650915145874 1.4796401262283325 1.494352102279663 1.5089372396469116 1.5232001543045044 1.5373786687850952 1.5513602495193481 1.5649080276489258 1.5783847570419312 1.591933250427246 1.604203701019287 1.6173542737960815 1.6301418542861938 1.6435282230377197 1.6557257175445557 1.667517066001892 1.679438591003418 1.6928164958953857 1.7040307521820068 1.7160731554031372 1.7286823987960815 1.740716576576233 1.7524328231811523 1.7651468515396118 1.776228666305542 1.7883027791976929 1.799973964691162 1.8120200634002686 1.8239322900772095 1.835974097251892 1.8483754396438599 1.860633373260498 1.8731491565704346 1.8864279985427856 1.8997050523757935 1.9140146970748901 1.9298889636993408 1.9471030235290527 1.9667378664016724 1.9895696640014648 2.017832040786743 2.065491199493408
x_std 64
0.315754234790802 0.3243858218193054 0.32612019777297974 0.32730913162231445 0.329799085855484 0.33208703994750977 0.33485284447669983 0.3373584747314453 0.3400042653083801 0.34282737970352173 0.3458431363105774 0.34897497296333313 0.3519272804260254 0.3550474941730499 0.35814881324768066 0.36128053069114685 0.3643872141838074 0.36765292286872864 0.3702468276023865 0.37293851375579834 0.3758787512779236 0.3784572184085846 0.38079366087913513 0.3829151391983032 0.38517487049102783 0.3870186507701874 0.3888404071331024 0.3901466727256775 0.3915121555328369 0.3930034041404724 0.39421698451042175 0.3949398100376129 0.3959870934486389 0.3961564898490906 0.3962398171424866 0.3959940969944 0.3959609866142273 0.3961818218231201 0.3955845534801483 0.39376673102378845 0.3932366967201233 0.3917059004306793 0.3897058665752411 0.3883001506328583 0.3867204785346985 0.3839280307292938 0.3826812505722046 0.38010942935943604 0.3774559199810028 0.37459835410118103 0.37200215458869934 0.36951932311058044 0.36585748195648193 0.3629888892173767 0.35954850912094116 0.3552916944026947 0.3523516058921814 0.3483433723449707 0.34290945529937744 0.33762019872665405 0.331426739692688 0.3242998421192169 0.317445307970047 0.2989220917224884
W1 2048
0.25055593252182007 0.13896195590496063 0.12310751527547836 0.08182419836521149 0.06042027473449707 0.022503677755594254 0.0036245977971702814 0.004253510385751724 -0.018321651965379715 -0.02302825078368187 0.07470541447401047 -0.0820615366101265 0.015130572952330112 0.022037280723452568 0.034641072154045105 0.03175646439194679 -0.026687467470765114 -0.057345930486917496 -0.10153281688690186 0.046850234270095825 -0.1609572172164917 -0.07483217120170593 -0.025915853679180145 0.010566341690719128 -0.15051479637622833 -0.096582792699337 -0.14046551287174225 -0.050266992300748825 0.02344038151204586 -0.045256733894348145 0.013456308282911777 0.05701194331049919 -0.14918415248394012 -0.05676153302192688 0.03860820457339287 -0.059170082211494446 -0.058317456394433975 -0.00021771047613583505 0.006657061167061329 -0.053715839982032776 0.02998315542936325 -0.058126065880060196 0.05114838480949402 -0.09624025225639343 0.10840931534767151 0.009893170557916164 0.047889500856399536 -0.08225268870592117 0.014228485524654388 -0.056477367877960205 -0.11128094047307968 -0.10316798090934753 -0.08734562247991562 0.05387299880385399 -0.08878357708454132 0.042410995811223984 -0.09531835466623306 -0.04670356959104538 0.017617296427488327 0.016803469508886337 0.06185309588909149 0.11750228703022003 0.08138930052518845 0.07780292630195618 0.22262826561927795 0.12884673476219177 0.08312918245792389 0.03978092595934868 0.1642906814813614 0.05071020498871803 0.08291605114936829 0.03720763325691223 -0.030798880383372307 -0.07128716260194778 -0.023908881470561028 -0.10938631743192673 0.0843760073184967 -0.04033491015434265 0.08291442692279816 -0.047442059963941574 0.08014203608036041 0.08373742550611496 0.07774464786052704 -0.06698192656040192 -0.09170399606227875 -0.04748805612325668 -0.12336667627096176 0.01902696117758751 -0.11790873110294342 -0.129326730966568 -0.1343940943479538 0.07385715842247009 -0.10361199826002121 -0.1040288582444191 -0.09040490537881851 0.037531252950429916 -0.09446536749601364 -0.07461957633495331 -0.15175995230674744 0.03240901231765747 0.06301239132881165 -0.07366477698087692 0.06889719516038895 -0.018947526812553406 -0.025808852165937424 -0.11888051778078079 -0.07188233733177185 0.05223395302891731 0.10677332431077957 0.10355886071920395 0.03446846082806587 0.08022050559520721 -0.10970745980739594 0.04224864020943642 -0.0009841053979471326 -0.02871718816459179 0.0255539882928133 0.019793057814240456 -0.15293483436107635 -0.04974379763007164 0.06746762245893478 0.0964418351650238 -0.04205727204680443 -0.051893118768930435 -0.016486285254359245 0.05777016654610634 -0.14011338353157043 0.018323447555303574 0.05576436594128609 -0.07887912541627884 0.01669645868241787 0.06986474245786667 0.10119722783565521 -0.04703538864850998 -0.06446385383605957 0.0016071293503046036 -0.03506980836391449 -0.07381505519151688 -0.06230536103248596 -0.036307767033576965 -0.056753214448690414 -0.09809140115976334 -0.0923667922616005 -0.06456708908081055 0.009528068825602531 -0.06475610285997391 0.10479460656642914 0.10735312104225159 0.08499373495578766 0.0903598889708519 -0.03085428662598133 -0.09627950936555862 -0.09914319217205048 0.035886120051145554 0.04185671731829643 0.08245595544576645 0.042600877583026886 0.010509575717151165 -0.07891999185085297 -0.041405946016311646 -0.025161026045680046 0.06622610241174698 -0.025497352704405785 -0.09018667042255402 0.010819519869983196 0.032694920897483826 0.006603934336453676 -0.08786403387784958 -0.08420779556035995 -0.0616346038877964 0.01444091647863388 -0.01261793915182352 -0.05869898572564125 -0.07795766741037369 0.0572982095181942 0.023019207641482353 -0.050062477588653564 0.07594018429517746 0.020784609019756317 -0.06613607704639435 -0.08405804634094238 -0.01376159954816103 -0.0373154915869236 0.07942091673612595 -0.030883891507983208 -0.06402474641799927 -0.07531744241714478 0.0016909707337617874 -0.01283087395131588 -0.004147644154727459 0.057476647198200226 0.030371885746717453 0.0666341707110405 -0.0738692507147789 -0.0001871721469797194 -0.04044465348124504 0.08099164068698883 0.049966584891080856 -0.023334994912147522 -0.058980438858270645 -0.03581303730607033 0.08442945778369904 -0.03798877075314522 -0.10020222514867783 -0.07944809645414352 -0.05704968050122261 0.028572550043463707 0.04827136546373367 0.08288305252790451 0.07399425655603409 0.04450376331806183 -0.08363095670938492 -0.12423209846019745 -0.015816615894436836 -0.1513044685125351 0.011631807312369347 -0.12338576465845108 -0.12414027005434036 -0.019665678963065147 -0.15157465636730194 -0.19978368282318115 -0.16792228817939758 -0.18649506568908691 -0.17687161266803741 -0.13693013787269592 -0.08585210889577866 -0.1427610069513321 -0.28441908955574036 -0.22301706671714783 -0.2772146463394165 -0.34548676013946533 -0.21122388541698456 -0.4318654537200928 -0.2813677489757538 -0.3071940839290619 -0.36819738149642944 -0.35477566719055176 -0.1898616999387741 -0.19929185509681702 -0.2256801277399063 -0.17351201176643372 -0.17299750447273254 -0.11213009059429169 -0.19440267980098724 -0.15518271923065186 -0.034328341484069824 -0.1366780549287796 -0.1267474740743637 -0.16094958782196045 0.0481034480035305 -0.14007823169231415 -0.15581172704696655 0.02701801434159279 -0.12291109561920166 -0.05846129730343819 -0.03578868508338928 0.05590125545859337 -0.0336855910718441 -0.07518455386161804 -0.02480916678905487 -0.013544362969696522 -0.04611777514219284 -0.04158616438508034 -0.08737194538116455 -0.08734795451164246 0.026717526838183403 -0.05284580960869789 -0.0913555845618248 0.06780128180980682 0.07416009902954102 -0.04459087923169136 0.008573414757847786 -0.10329338908195496 -0.023159809410572052 -0.05177982151508331 0.03258321434259415 -0.1023566946387291 0.03922373428940773 0.03450066223740578 -0.06364710628986359 0.0216826144605875 -0.035897161811590195 0.019579773768782616 -0.10604187101125717 0.04476721212267876 0.025984402745962143 0.03141585364937782 -0.12505650520324707 -0.1225627213716507 -0.045105982571840286 0.022366343066096306 -0.12862488627433777 -0.11609116196632385 -0.11582567542791367 -0.06379180401563644 0.02913222275674343 -0.06125873699784279 0.004267711192369461 -0.09857609122991562 -0.057912178337574005 0.08443877100944519 -0.03841721639037132 0.0641631931066513 0.09773632138967514 0.035927098244428635 0.007697530090808868 -0.008135099895298481 -0.050884995609521866 0.0101805804297328 0.08718468248844147 -0.07848343253135681 -0.02710726484656334 -0.05847489833831787 -0.02447308413684368 0.08370531350374222 0.08587995171546936 -0.0665346011519432 0.030674833804368973 0.02130555547773838 0.05203831568360329 0.06750722974538803 0.003162726294249296 -0.03519105538725853 0.08983530849218369 -0.12239747494459152 -0.04840533062815666 -0.03571152687072754 -0.07952648401260376 0.032865192741155624 -0.07118403911590576 -0.07331041246652603 -0.002769703045487404 -0.013238809071481228 -0.0178045853972435 0.09923411905765533 -0.06553532928228378 -0.03977373614907265 -0.03171909600496292 0.09058108925819397 0.06645084172487259 0.08319608122110367 0.08509336411952972 0.06601149588823318 -0.12042675167322159 -0.06787268817424774 0.09443294256925583 -0.12304551154375076 0.033452317118644714 -0.05352617800235748 0.004125240724533796 -0.11145701259374619 0.08541859686374664 0.03097165934741497 -0.03241618350148201 0.026867521926760674 -0.027027487754821777 -0.12080271542072296 0.08855923265218735 -0.09769614040851593 -0.0885164812207222 -0.11218028515577316 -0.02831478789448738 0.0010521182557567954 0.02740843966603279 -0.006685400847345591 0.009924566373229027 -0.032425347715616226 -0.11019454151391983 0.04496672749519348 -0.09453257918357849 -0.008298833854496479 0.014660405926406384 0.05035625398159027 -0.014344555325806141 0.034921009093523026 -0.0627496987581253 -0.09027198702096939 0.035089436918497086 -0.03511720523238182 0.005138333886861801 0.07053150981664658 -0.14186006784439087 0.04601387307047844 -0.02897685393691063 0.2232189029455185 -0.0060132285580039024 0.08096430450677872 0.017740854993462563 -0.03657295182347298 0.05608595535159111 0.04218326136469841 0.13052718341350555 -0.04519999399781227 0.09818556904792786 -0.03915812820196152 -0.030049165710806847 0.02103034406900406 0.14127767086029053 0.058345213532447815 0.10000984370708466 0.05047621950507164 0.0027859420515596867 0.010392613708972931 -0.11260848492383957 0.11084697395563126 0.04850037395954132 0.1076676994562149 0.07932228595018387 -0.022987183183431625 0.021561654284596443 0.046470142900943756 0.051810331642627716 -0.015446883626282215 0.051134198904037476 -0.04285074770450592 0.07379493117332458 0.027867333963513374 0.04364354908466339 0.05002304166555405 0.012499440461397171 -0.12273005396127701 0.032127898186445236 -0.029289446771144867 -0.04791116714477539 -0.08023740351200104 0.002500946167856455 -0.06735210120677948 -0.06420556455850601 -0.0044610993936657906 0.031969863921403885 -0.038574881851673126 0.03285700082778931 0.06440596282482147 -0.14296233654022217 -0.1330663561820984 -0.14207348227500916 -0.005094720982015133 0.045203305780887604 -0.08991099148988724 -0.07142748683691025 -0.11423416435718536 -0.09927331656217575 -0.07048642635345459 -0.06349904090166092 -0.06054368615150452 0.06642656773328781 -0.2196674793958664 -0.1473744511604309 -0.2304827719926834 -0.11024820059537888 0.07401575148105621 0.009017634205520153 -0.11853352189064026 -0.03702806681394577 -0.0676468014717102 0.11647772043943405 -0.03743293508887291 0.12212681770324707 0.00765547389164567 0.016666041687130928 0.14272506535053253 0.13459493219852448 -0.0813559889793396 0.08496269583702087 -0.0009905905462801456 -0.002309903036803007 0.011506841517984867 -0.05457097664475441 0.04216586425900459 0.026177041232585907 0.06811138987541199 0.12232412397861481 0.06877409666776657 -0.035821061581373215 -0.023561814799904823 -0.010854351334273815 0.12608498334884644 0.010251042433083057 0.005754848010838032 -0.033198025077581406 0.06259968131780624 -0.09541893005371094 -0.10407625138759613 -0.061049941927194595 -0.054355181753635406 -0.08483242243528366 0.027479887008666992 -0.11848510056734085 0.10949622839689255 -0.07114578783512115 -0.008246700279414654 0.0361141562461853 -0.03910903260111809 -0.011810597963631153 -0.08320227265357971 0.04875572770833969 -0.10913658142089844 -0.08421605080366135 -0.07200630009174347 0.06154388561844826 0.0012006309116259217 0.02691330946981907 0.0034705684520304203 0.01764288917183876 0.07446201890707016 -0.012301399372518063 0.03935838118195534 -0.07492698729038239 0.028978534042835236 -0.08228054642677307 -0.002643187064677477 0.003946142736822367 -0.19503578543663025 -0.20222268998622894 -0.1017814576625824 0.05700002610683441 -0.10071302950382233 -0.06717623025178909 -0.03122660703957081 -0.03714374080300331 -0.08248283714056015 0.04629669710993767 -0.019868772476911545 -0.06721547991037369 0.1264433115720749 -0.005818558856844902 -0.0765845775604248 0.06258898973464966 0.1276150941848755 0.13775575160980225 -0.045068539679050446 0.11921606957912445 0.16169314086437225 0.08536271750926971 0.023549187928438187 0.003427639603614807 0.0428306870162487 0.17623353004455566 0.009037566371262074 0.05373102053999901 0.07982838898897171 0.10281980782747269 -0.02168412320315838 0.1631968915462494 0.017144864425063133 0.04672390967607498 0.1678495556116104 0.03777541592717171 -0.03158723562955856 -0.0019800420850515366 0.024653419852256775 0.05698111280798912 0.11590060591697693 0.05460922792553902 0.09424468129873276 0.013622429221868515 0.005543088540434837 -0.060740966349840164 0.15484267473220825 0.1389816254377365 0.07732848823070526 0.023787789046764374 -0.04453805461525917 0.14453312754631042 -0.045924846082925797 -0.00761601934209466 0.07549658417701721 -0.09811116009950638 0.005941341165453196 0.08310272544622421 -0.09078361839056015 -0.024866845458745956 0.027868123725056648 -0.12363311648368835 -0.06617819517850876 0.07541923224925995 0.10683650523424149 -0.12543219327926636 0.08876900374889374 0.03300173953175545 0.06509794294834137 -0.07626289874315262 -0.10208922624588013 -0.06910388171672821 0.05572272092103958 0.027411382645368576 0.09223192185163498 -0.09344936162233353 -0.01620975323021412 -0.1025429293513298 0.0881020799279213 0.0540514774620533 0.03360468149185181 -0.12243208289146423 0.05082410201430321 -0.08204338699579239 -0.07650230079889297 -0.111623115837574 -0.1309448927640915 -0.0005590533837676048 -0.10443054884672165 -0.1269446462392807 -0.027867143973708153 -0.04174768924713135 -0.12908348441123962 -0.032713621854782104 -0.014917575754225254 -0.11625120788812637 -0.009797126054763794 -0.10857080668210983 -0.07453496754169464 -0.042870182543992996 -0.1142214760184288 -0.1275194138288498 -0.05709061399102211 -0.19162365794181824 -0.17606139183044434 -0.05422822758555412 -0.1884050816297531 -0.05188232287764549 -0.0868491679430008 -0.006458149757236242 -0.12847529351711273 -0.21088694036006927 -0.140941321849823 -0.05173521116375923 -0.04671132564544678 -0.14780446887016296 -0.040612511336803436 -0.11144448816776276 0.02114894986152649 -0.037348922342061996 -0.13402539491653442 0.03805982694029808 -0.12382932752370834 -0.07651503384113312 -0.013889290392398834 -0.05935666710138321 -0.14359739422798157 -0.1255759447813034 0.05835309252142906 -0.009317198768258095 0.06888838112354279 -0.024367494508624077 -0.06626159697771072 -0.062137287110090256 0.010983007028698921 -0.05926506966352463 0.0036528739146888256 0.07042060792446136 0.07913622260093689 -0.004349062219262123 -0.056368421763181686 0.01730811595916748 0.07070183753967285 0.046614084392786026 -0.034641314297914505 -0.0035556547809392214 -0.0646086037158966 -0.025202400982379913 -0.08073809742927551 -0.05829935148358345 -0.040950462222099304 -0.02277497388422489 0.06547330319881439 -0.052324820309877396 -0.06646443903446198 -0.06007827818393707 -0.022299235686659813 0.010732953436672688 0.036026038229465485 -0.05190826579928398 0.05758482217788696 0.026599258184432983 -0.03328444063663483 0.024724818766117096 -0.0604667030274868 -0.0008582875016145408 0.07676301896572113 0.047337606549263 0.031146163120865822 0.07785438746213913 -0.05441633611917496 -0.002956957556307316 -0.013426613062620163 0.007130482699722052 0.04071357101202011 0.0034253245685249567 -0.011132492683827877 0.027376484125852585 -0.019943945109844208 -0.0547308623790741 0.07847469300031662 -0.05759833753108978 -0.020666787400841713 -0.07783859968185425 0.06309616565704346 0.018951870501041412 0.025671005249023438 -0.058233607560396194 -0.029832420870661736 -0.03774912282824516 -0.014769203960895538 0.008695926517248154 0.22578386962413788 0.12522193789482117 0.1893603503704071 0.08645914494991302 0.15843409299850464 0.17619557678699493 -0.053957730531692505 0.1179969385266304 -0.07167042791843414 0.1211213544011116 -0.03960296884179115 -0.08802502602338791 -0.03069605864584446 0.1062353178858757 -0.008705463260412216 0.0507960319519043 0.04407411813735962 -0.10520993173122406 -0.07320035248994827 -0.04335393011569977 -0.054273150861263275 0.010201632976531982 0.009978074580430984 -0.13366447389125824 -0.12408600747585297 -0.07134877890348434 -0.08073801547288895 0.062211599200963974 0.06015598028898239 0.07949016243219376 -0.09691307693719864 -0.051748670637607574 -0.12293976545333862 0.07321102172136307 0.07162848860025406 0.06034373492002487 0.07476382702589035 0.0770491510629654 0.06318821012973785 0.09183984994888306 -0.01691434159874916 -0.020744284614920616 0.0629650354385376 -0.09509135037660599 -0.11513160914182663 -0.07177511602640152 -0.07136210054159164 0.1075766459107399 -0.02826569601893425 0.078095443546772 -0.11147686094045639 -0.14773090183734894 0.04090701788663864 0.06946738809347153 0.010446817614138126 -0.05648348480463028 -0.12220049649477005 -0.018580978736281395 0.09579620510339737 0.08354292064905167 -0.08873700350522995 0.08282135426998138 -0.10820288956165314 -0.08318343013525009 -0.12325718253850937 -0.12798036634922028 -0.06758520007133484 -0.008063377812504768 -0.06305185705423355 -0.005572114605456591 -0.0070695821195840836 -0.026815474033355713 -0.009413667023181915 -0.0017200065776705742 0.03465219959616661 0.03987284004688263 -0.024197261780500412 -0.004616690333932638 0.038917627185583115 -0.005137594882398844 0.01967684179544449 0.01030735857784748 -0.009605255909264088 -0.012790040113031864 0.022388501092791557 0.0015223762020468712 0.029494790360331535 0.057542137801647186 0.028989534825086594 -0.024682320654392242 0.05172324180603027 0.044443875551223755 0.03335920348763466 -0.01143539696931839 -0.031832315027713776 -0.01649114117026329 -0.07222604006528854 -0.05538288876414299 -0.021799566224217415 -0.022773392498493195 -0.01646694727241993 -0.0313011072576046 -0.03902767226099968 0.020213983952999115 0.00815452728420496 -0.050572387874126434 0.022171827033162117 -0.006315621547400951 -0.04904017597436905 -0.011863230727612972 -0.01201719045639038 -0.06359037756919861 -0.04161851480603218 -0.0745091363787651 -0.02878236584365368 0.026834547519683838 -0.035237010568380356 0.02191234938800335 0.02382868342101574 0.013063717633485794 -0.028141450136899948 0.016959814354777336 -0.08273041993379593 -0.08138979226350784 -0.023546554148197174 -0.016249310225248337 -0.034189943224191666 -0.014575534500181675 -0.1691589057445526 -0.07536186277866364 -0.01770591177046299 -0.146051824092865 0.011215588077902794 -0.09050584584474564 -0.15328264236450195 -0.049270033836364746 0.07736629992723465 -0.08383897691965103 -0.026372050866484642 -0.05252843722701073 0.053159479051828384 0.136269673705101 -0.049458593130111694 0.04409867152571678 0.07950925081968307 -0.0036090926732867956 -0.02281871624290943 -0.046497758477926254 -0.052144087851047516 -0.031258102506399155 0.11372239887714386 0.10544857382774353 0.12515777349472046 0.028628069907426834 0.14920400083065033 -0.01665397919714451 -0.04008886590600014 0.17088910937309265 0.044159188866615295 0.1256093829870224 0.12839874625205994 0.10039887577295303 -0.049664903432130814 0.17148905992507935 0.12276698648929596 -0.020935798063874245 -0.05587852746248245 -0.042840030044317245 0.1293909102678299 -0.023740744218230247 0.025782156735658646 0.13967691361904144 -0.07731341570615768 0.07205001264810562 0.1463317722082138 -0.09981442242860794 0.10533127933740616 -0.05679641664028168 0.0791759341955185 0.11491473019123077 0.13324297964572906 -0.09236161410808563 0.07447723299264908 -0.061291422694921494 0.05247299373149872 0.08710406720638275 -0.07947427034378052 -0.11823908984661102 -0.05349241942167282 -0.24468550086021423 -0.10725940018892288 -0.05542458966374397 -0.117727130651474 -0.14197315275669098 -0.04872860014438629 -0.03312964737415314 -0.09290006011724472 -0.07938987761735916 -0.048802588135004044 0.017527276650071144 0.04787595942616463 0.03633680194616318 0.10772627592086792 0.08886896073818207 0.023803111165761948 0.05362943559885025 -0.055501267313957214 0.13801026344299316 -0.042408477514982224 0.040562596172094345 -0.043417491018772125 -0.0014548125909641385 -0.04515480250120163 -0.023147735744714737 0.0004362485196907073 -0.09385722130537033 -0.12596797943115234 0.00542542664334178 0.06016303226351738 -0.07303351163864136 -0.012036804109811783 0.04372015222907066 -0.15905995666980743 -0.07150129228830338 -0.13110488653182983 -0.09281472116708755 -0.16328580677509308 -0.036840200424194336 -0.04844200611114502 -0.042381271719932556 -0.13752254843711853 -0.21678568422794342 -0.23365823924541473 -0.10518528521060944 -0.24047809839248657 -0.29689821600914 -0.15598949790000916 -0.18537546694278717 -0.13190682232379913 -0.13152432441711426 -0.04009395092725754 -0.08731818199157715 -0.16866667568683624 -0.19441190361976624 -0.052287664264440536 -0.13815248012542725 -0.09150602668523788 0.019279496744275093 -0.1166544258594513 0.030778218060731888 -0.12743808329105377 -0.12532593309879303 -0.13861484825611115 -0.007779938168823719 -0.07169532775878906 -0.12935291230678558 -0.26464173197746277 -0.0902893915772438 -0.1428142935037613 -0.11067510396242142 -0.04149710386991501 0.030473416671156883 -0.12824244797229767 -0.03434261679649353 -0.07661639153957367 0.11173661053180695 0.05050181597471237 -0.042920634150505066 0.05445053055882454 0.09877092391252518 0.03992139920592308 0.023579904809594154 0.13297037780284882 0.10815033316612244 0.07089155167341232 -0.016871614381670952 0.1775466650724411 0.10270079970359802 0.020767616108059883 0.06133626401424408 0.020508717745542526 0.0881948173046112 0.06987316906452179 0.08550955355167389 0.15374113619327545 0.034882888197898865 -0.0440787598490715 0.056391339749097824 -0.06065532565116882 0.06002647057175636 0.08304546028375626 0.0965995118021965 -0.03581331670284271 0.03312712907791138 -0.09471426904201508 0.039484646171331406 -0.0371234305202961 0.14860676229000092 0.06407707929611206 -0.023815909400582314 0.11058291047811508 0.11642078310251236 0.09488731622695923 0.024605626240372658 0.11057222634553909 0.14179575443267822 0.06664544343948364 -0.05815599486231804 0.034303098917007446 0.09722867608070374 0.051311321556568146 -0.10127761214971542 -0.026852406561374664 0.09893155097961426 -0.18889157474040985 -0.03940723091363907 -0.008508962579071522 -0.13859261572360992 0.08731915801763535 -0.0035315249115228653 -0.15897201001644135 0.05202600732445717 -0.014053761959075928 -0.0030183326452970505 0.02255173772573471 0.06310050189495087 -0.09198746085166931 -0.09338641166687012 -0.040651701390743256 -0.09553209692239761 -0.0815969929099083 0.006289968732744455 -0.07861410081386566 0.08149401843547821 -0.04057706147432327 0.055422648787498474 0.024184836074709892 0.007457601372152567 -0.0409005731344223 0.059653691947460175 0.03644198924303055 -0.057039495557546616 0.06806059926748276 -0.04885615035891533 0.020595993846654892 0.016220545396208763 -0.04708210006356239 -0.03448651358485222 -0.00796643365174532 0.0401456244289875 -0.06807924062013626 0.006265674717724323 -0.11413168907165527 0.02413395419716835 -0.00023509302991442382 0.03585619851946831 0.034068841487169266 -0.08325383067131042 -0.033437877893447876 0.03127770498394966 -0.06137973442673683 0.009293671697378159 -0.05756693333387375 -0.0569496750831604 -0.026371056213974953 -0.07475782185792923 -0.048888809978961945 -0.06309866160154343 -0.07240589708089828 -0.0006383580039255321 -0.08466747403144836 0.03281547129154205 -0.021673833951354027 -0.014227399602532387 -0.08671174198389053 -0.03745188191533089 -0.04021976515650749 -0.057128243148326874 -0.07996338605880737 -0.07032223790884018 -0.02810411900281906 0.011181581765413284 -0.021915948018431664 -0.04120398312807083 0.08399339765310287 0.04500256106257439 0.01168501004576683 0.06422891467809677 -0.027695905417203903 -0.009481551125645638 -0.02856958471238613 -0.01432752888649702 -0.004075232427567244 -0.07516157627105713 -0.07034008204936981 -0.026261428371071815 -0.05504164472222328 0.022119048982858658 0.018538253381848335 -0.014591780491173267 -0.07975077629089355 -0.04338589310646057 -0.041830141097307205 -0.07083576917648315 -0.0509321428835392 -0.07747680693864822 -0.013835465535521507 0.004097087308764458 -0.06011334806680679 -0.05806899070739746 -0.033353541046381 0.00019844906637445092 -0.014174148440361023 -0.07035110890865326 -0.048908717930316925 0.013875718228518963 0.0014624926261603832 -0.08331719040870667 -0.07002890110015869 -0.020646439865231514 -0.06125158071517944 -0.01649259217083454 0.03861463442444801 -0.0488223060965538 -0.024208005517721176 -0.041664186865091324 -0.05103166401386261 0.05968732386827469 -0.0227113738656044 0.10561495274305344 0.056697484105825424 0.07930260896682739 0.09092269092798233 -0.032361116260290146 0.02028852142393589 -0.007030185777693987 0.02884991094470024 0.08795270323753357 0.07749320566654205 -0.0035846095997840166 0.11114555597305298 0.020216234028339386 0.026754530146718025 0.09272061288356781 0.08844786882400513 0.05937590077519417 0.05862751975655556 0.06661639362573624 0.28008484840393066 0.060309868305921555 0.09587722271680832 0.16219665110111237 0.08126594126224518 0.06276848912239075 0.00852998998016119 0.16011816263198853 0.06095442548394203 -0.003645941149443388 0.08450309187173843 0.12700462341308594 0.10720697045326233 -0.10256984084844589 -0.012196717783808708 -0.029331255704164505 0.06068532168865204 -0.009294414892792702 0.07548593729734421 -0.048595987260341644 -0.03710198774933815 0.004126362036913633 -0.07902451604604721 -0.07494519650936127 0.06947031617164612 -0.04182368144392967 -0.08309318870306015 -0.041342999786138535 0.07091367244720459 0.04293333366513252 0.0813504010438919 -0.03849336877465248 -0.030539024621248245 -0.03878975659608841 -0.0843186229467392 0.03137829154729843 -0.013506562449038029 0.07463670521974564 0.09711169451475143 -0.11672944575548172 0.06774725019931793 -0.04103725403547287 -0.024317611008882523 0.10326698422431946 -0.12388181686401367 0.04338578134775162 -0.06338732689619064 0.003067095298320055 0.022815804928541183 -0.03596818819642067 -0.03945067524909973 -0.03814972937107086 -0.013379432260990143 0.017326118424534798 -0.12959659099578857 -0.09923993051052094 -0.06342940032482147 -0.06754817068576813 0.1290753185749054 -0.1128203496336937 -0.022925443947315216 -0.031954552978277206 -0.1309787929058075 -0.10876079648733139 0.3167073726654053 0.05570152774453163 0.17944827675819397 -0.01597532443702221 -0.040654104202985764 0.1781633496284485 0.0023396778851747513 0.1517438143491745 0.14884716272354126 0.08053833246231079 0.016292262822389603 0.13179679214954376 0.05024497210979462 -0.041250936686992645 0.08344549685716629 -0.047531794756650925 -0.061306677758693695 -0.11856785416603088 0.008900332264602184 0.0905972346663475 -0.05017648637294769 -0.08538136631250381 0.0371437594294548 -0.0617886520922184 0.06060801073908806 -0.030168864876031876 0.013117230497300625 -0.044487886130809784 -0.07963265478610992 -0.05575508251786232 -0.11572859436273575 -0.09682992100715637 -0.15418946743011475 -0.1277240365743637 0.02659553289413452 -0.011524232104420662 -0.13877606391906738 -0.02574182115495205 0.07980117201805115 0.07008257508277893 0.1014518141746521 0.08910952508449554 -0.12469597160816193 0.09809587150812149 0.006850388366729021 0.09280721098184586 -0.06769093126058578 0.08393990248441696 -0.13346470892429352 0.08299079537391663 0.07146710157394409 -0.09019608795642853 -0.048150621354579926 -0.051587242633104324 0.0515081025660038 -0.03995916247367859 -0.14920370280742645 -0.05139400437474251 -0.019751563668251038 -0.041991036385297775 -0.04203159362077713 -0.046051982790231705 0.03057083860039711 -0.0261912290006876 0.09655790030956268 0.20616652071475983 0.06913389265537262 0.135948047041893 0.05620590224862099 0.09358377754688263 0.10084594041109085 0.1479412466287613 0.05609048157930374 -0.07601740211248398 0.1213197186589241 -0.0942191481590271 0.023191804066300392 0.07994264364242554 -0.00595706794410944 0.02901630662381649 0.08188473433256149 -0.054501865059137344 0.08317901194095612 0.033720746636390686 -0.042225394397974014 0.018330618739128113 -0.09345026314258575 0.04134798049926758 0.10233502835035324 0.07039813697338104 -0.07408283650875092 -0.10957975685596466 0.0016377855790778995 -0.12624076008796692 0.08127164840698242 -0.10660091042518616 -0.0016153877368196845 -0.024976812303066254 0.08295804262161255 -0.04659068584442139 -0.020457904785871506 0.13844114542007446 -0.04037660360336304 0.03409053757786751 0.07624579221010208 0.036444779485464096 0.08645159751176834 -0.09289044141769409 0.044146835803985596 -0.00805087760090828 -0.1045972928404808 -0.00683475099503994 0.058730028569698334 -0.10205147415399551 -0.0769202709197998 -0.023705000057816505 -0.030892908573150635 -0.12036335468292236 0.016054902225732803 -0.14667609333992004 -0.04533534124493599 -0.1394972950220108 -0.043921876698732376 0.01623041182756424 -0.0057992818765342236 -0.05572102963924408 -0.16681188344955444 -0.021597852930426598 -0.034949567168951035 -0.010001590475440025 0.021673323586583138 -0.01968228630721569 0.05977631360292435 -0.07785480469465256 -0.11201894283294678 0.016690868884325027 0.0493779182434082 0.033224932849407196 0.033042341470718384 -0.09741252660751343 0.013142332434654236 -0.09026331454515457 0.03248827904462814 0.05710197612643242 -0.09662221372127533 0.029651805758476257 -0.060170728713274 -0.060084018856287 -0.09389138221740723 -0.03267250955104828 -0.058001600205898285 -0.07421562820672989 -0.001411218079738319 0.011741998605430126 0.018604185432195663 -0.055141959339380264 -0.023940006271004677 -0.005475455429404974 -0.02296207658946514 -0.027656465768814087 0.03624888136982918 0.025578496977686882 -0.0291077122092247 -0.09014088660478592 -0.011725522577762604 -0.02022518962621689 -0.06342630833387375 -0.1016925796866417 0.01379559375345707 -0.07236915081739426 -0.009022148326039314 -0.017803028225898743 0.017800895497202873 -0.014556867070496082 -0.0311263520270586 -0.06928534060716629 -0.06277649104595184 -0.05922534316778183 -0.014829855412244797 -0.012851388193666935 -0.02590557187795639 -0.02985203266143799 0.06423832476139069 -0.003184647299349308 -0.04007033631205559 0.00962462741881609 0.00795784778892994 0.05084437131881714 -0.02595994994044304 0.04785393550992012 0.04774121567606926 0.0744144469499588 0.07312307506799698 -0.07585606724023819 0.05411257594823837 0.09595490992069244 -0.00584362493827939 0.003697945736348629 -0.08882997930049896 -0.03088224306702614 0.008367368951439857 0.10986767709255219 0.01876399852335453 -0.08187919855117798 -0.017258435487747192 0.007538198493421078 0.07127545773983002 -0.07192305475473404 0.11101923137903214 0.00906272791326046 -0.10331043601036072 -0.08083486557006836 -0.09096089005470276 0.08905259519815445 -0.03855973482131958 -0.11592448502779007 0.05237617343664169 0.057712264358997345 -0.05066215991973877 -0.08649357408285141 -0.10260438174009323 -0.09679964184761047 -0.1274058222770691 0.0014169750502333045 0.04403186962008476 -0.1211586445569992 -0.0828711986541748 -0.1613386869430542 -0.09311466664075851 -0.039730675518512726 -0.12989243865013123 -0.17005349695682526 -0.09152206033468246 -0.06744099408388138 -0.17151784896850586 -0.17161698639392853 -0.15639853477478027 -0.1537829339504242 -0.06828618794679642 -0.12273439764976501 -0.1632602959871292 -0.011044627986848354 -0.1764066070318222 -0.1447283774614334 -0.016255969181656837 -0.10251815617084503 0.015696311369538307 0.02205856703221798 0.046308115124702454 -0.06386814266443253 -0.09084656834602356 0.059359360486269 -0.02571241743862629 -0.0713806077837944 -0.010523496195673943 -0.05748871713876724 -0.2535587549209595 0.03989487513899803 0.0020097095984965563 -0.10236580669879913 -0.04934442788362503 -0.11839472502470016 -0.031822457909584045 0.04559285566210747 0.033492784947156906 0.11644963920116425 0.11225347220897675 0.04894354194402695 -0.010095053352415562 -0.0782841295003891 -0.05890325829386711 -0.021664448082447052 0.060258422046899796 0.006106136366724968 0.1377510279417038 0.11604386568069458 0.11774049699306488 0.07727985084056854 -0.02782450243830681 0.04542900249361992 0.11933241784572601 0.010944024659693241 0.13989154994487762 -0.0929039865732193 -0.01743895187973976 0.03008979745209217 0.13224172592163086 -0.01742042973637581 0.07022853940725327 -0.0697079673409462 0.012272452004253864 -0.09213536232709885 -0.11899356544017792 0.05210554972290993 -0.03554962947964668 0.04585791379213333 -0.08301971852779388 0.040032465010881424 -0.06780583411455154 0.0540473535656929 0.021249884739518166 -0.010798269882798195 -0.10965654999017715 -0.021982861682772636 -0.033199287950992584 0.09076651930809021 0.029011636972427368 -0.06859752535820007 0.10889401286840439 -0.0596296489238739 -0.09036785364151001 0.05287986621260643 -0.10865011066198349 -0.025194820016622543 -0.13794609904289246 -0.10903016477823257 -0.12819141149520874 -0.10216047614812851 -0.08616667985916138 0.09252973645925522 -0.03917985036969185 -0.16741183400154114 0.03301232308149338 0.03627513721585274 0.0037390165962278843 -0.07186484336853027 0.11101404577493668 -0.09381990879774094 0.09248130768537521 0.05535480007529259 0.10245905816555023 -0.03152938187122345 -0.04063498228788376 -0.03532029315829277 0.14734229445457458 0.07674353569746017 0.09507817775011063 0.018656136468052864 0.07345475256443024 -0.03265278413891792 0.020988112315535545 0.0663788840174675 -0.06845305860042572 0.1182660385966301 0.015101549215614796 0.07691948860883713 0.10699143260717392 -0.03015698492527008 -0.014857842586934566 0.1232406497001648 0.10949867963790894 -0.07613673061132431 0.10090682655572891 0.05442003905773163 -0.05395973473787308 0.06284935772418976 -0.0034297751262784004 -0.03821355104446411 0.06541917473077774 0.029049526900053024 0.1321977823972702 -0.012315327301621437 -0.03767041489481926 -0.06512170284986496 -0.023740772157907486 -0.06613527983427048 -0.08497202396392822 0.026975270360708237 -0.12238374352455139 -0.10090668499469757 -0.04303906857967377 0.07710345089435577 0.07846495509147644 -0.046683259308338165 -0.044949594885110855 -0.04580840468406677 0.02102094143629074 -0.16831490397453308 -0.1744324266910553 -0.06665737926959991 -0.09939102828502655 -0.09497030824422836 0.012775343842804432 -0.05420282855629921 0.05769575387239456 0.20889481902122498 0.15391600131988525 0.05875416845083237 0.0500672273337841 0.02555721066892147 0.11777707189321518 -0.050912290811538696 0.009387647733092308 0.11226341873407364 0.019325921311974525 0.07198081910610199 -0.10463342815637589 0.07760606706142426 0.10679158568382263 0.00025306170573458076 -0.07984357327222824 -0.06138814613223076 -0.073688805103302 0.014177077449858189 -0.047012317925691605 -0.046596940606832504 -0.07537099719047546 -0.07099124044179916 -0.03769313544034958 -0.011853834614157677 0.019416654482483864 0.07077663391828537 0.04506135359406471 -0.004321063868701458 -0.025886114686727524 0.04813992232084274 -0.01323694083839655 -0.14146064221858978 -0.16322313249111176 -0.16404075920581818 0.026114586740732193 0.06292378157377243 0.017036855220794678 -0.10884474962949753 -0.14229509234428406 -0.09001181274652481 -0.047807514667510986 -0.11750058084726334 -0.03993405029177666 -0.13277311623096466 -0.12782245874404907 -0.054165806621313095 -0.08207792043685913 -0.14803887903690338 -0.12183653563261032 -0.04596449062228203 0.05360410362482071 0.04662094637751579 -0.023190593346953392 0.012816113419830799 -0.009665749967098236 0.0716521292924881 -0.08054183423519135 0.07451171427965164 -0.04191604256629944 0.11585115641355515 0.04462495446205139 -0.07098468393087387 0.10981851816177368 0.11834242194890976 0.07750577479600906 0.06708665937185287 0.05960305780172348 0.03993426635861397 0.11830709129571915 0.11647025495767593 0.06392266601324081 0.01803208328783512 0.10821061581373215 0.09852506220340729 -0.06579232960939407 0.028831543400883675 0.03535274788737297 0.03693705424666405 -0.11777960509061813 -0.04681819677352905 -0.12945619225502014 0.0009826740715652704 -0.11177901178598404 -0.001013812143355608 -0.13240717351436615 -0.12829692661762238 -0.08543532341718674 0.03242463991045952 -0.09946727007627487 0.023351477459073067 -0.04209296032786369 -0.0677647516131401 0.037002358585596085 0.06839512288570404 -0.15165479481220245 0.058881208300590515 0.02461572177708149 0.03797314316034317 -0.10494387149810791 -0.017206206917762756 0.11066941171884537 -0.0046685123816132545 -0.07164119929075241 -0.07526370137929916 0.030941318720579147 -0.09930785000324249 -0.07782355695962906 0.1120079830288887 -0.12773436307907104 0.01641039550304413 0.1146422028541565 -0.07223726063966751 -0.13536468148231506 -0.12014488875865936 -0.044698577374219894 -0.035377997905015945 0.03381301462650299 0.10060305893421173 0.0664057582616806 -0.07601945102214813 -0.03571402281522751 0.10273183882236481 -0.013869431801140308 0.021568017080426216 -0.056829143315553665 -0.08851588517427444 0.3024238646030426 0.21743714809417725 0.14320915937423706 0.09806402027606964 0.058574024587869644 -0.042895540595054626 -0.0037888723891228437 -0.03589458018541336 0.12068081647157669 0.0967426747083664 -0.02828916907310486 -0.07916717231273651 0.04666321724653244 -0.06698114424943924 -0.01291577611118555 -0.09730573743581772 -0.04052991792559624 0.08447368443012238 0.047858357429504395 -0.06312071532011032 -0.060996390879154205 0.06979504972696304 0.04078354313969612 -0.13799627125263214 -0.06687135994434357 0.022439392283558846 0.006489827763289213 -0.0530436709523201 0.00019226601580157876 -0.11141067743301392 -0.08177654445171356 -0.005473167635500431 -0.16618143022060394 -0.14433251321315765 -0.05905960872769356 -0.1182977557182312 -0.15346170961856842 -0.002501728478819132 0.09164701402187347 -0.13158373534679413 -0.008861794136464596 -0.13081316649913788 -0.010986869223415852 -0.004285732284188271 -0.02698502317070961 -0.021455658599734306 -0.0876336470246315 -0.07431864738464355 0.09510330855846405 0.04847664013504982 0.021339161321520805 -0.16763240098953247 0.04674912244081497 -0.02985587902367115 0.06896789371967316 0.049598146229982376 -0.10433069616556168 -0.07392755150794983 0.026255913078784943 -0.09053206443786621 -0.041660062968730927 -0.010529530234634876 -0.0679030790925026 -0.027993105351924896 -0.04038505256175995 -0.10946577042341232 -0.1100974828004837 -0.04395442083477974 -0.10358141362667084 -0.11782274395227432 -0.04666134715080261 -0.10682106018066406 0.03388053923845291 0.019451336935162544 -0.02522476576268673 0.03811781853437424 -0.042672764509916306 0.045944880694150925 -0.05818672478199005 0.06787341088056564 0.05596368759870529 0.022853031754493713 -0.021917887032032013 0.08207240700721741 0.01554726529866457 -0.08267292380332947 -0.05581942945718765 0.08034899830818176 -0.025480154901742935 0.10220076888799667 -0.07417185604572296 0.020194170996546745 0.036174848675727844 0.015496432781219482 -0.02472136914730072 0.036768022924661636 0.01924448274075985 0.022007102146744728 -0.042867179960012436 0.06881826370954514 -0.11574050784111023 -0.10221802443265915 0.011026512831449509 0.010694748722016811 -0.12223154306411743 0.015284033492207527 0.07282097637653351 0.030786070972681046 -0.09125050157308578 -0.0034896419383585453 -0.13170810043811798 0.019619213417172432 0.023789433762431145 -0.06053343787789345 0.04355975612998009 -0.10620342195034027 -0.0967625081539154 0.033600375056266785 0.030325235798954964 -0.08502496778964996 -0.0004927032859995961 0.05344725400209427 0.011012639850378036 -0.13530318439006805 -0.10857425630092621 -0.05006415769457817 -0.034197207540273666 -0.00876527838408947 -0.019201431423425674 0.023714745417237282 0.04313814267516136 -0.012378554791212082 -0.012650551274418831 0.06358470022678375 -0.09317164123058319 -0.0023768641985952854 0.002341832499951124 0.04661588743329048 0.03784916549921036 -0.055040426552295685 -0.07031699270009995 0.006315988022834063 -0.024451909586787224 0.023623118177056313 0.009975027292966843 -0.029470227658748627 0.01608283258974552 -0.050789933651685715 0.023668669164180756 -0.06451138854026794 -0.07073511928319931 0.012802490033209324 0.01520026009529829 -0.019620519131422043 -0.05555054172873497 -0.07566042989492416 -0.003451363183557987 -0.0350206196308136 -0.07011856138706207 0.008188862353563309 -0.04290670529007912 0.005345896817743778 -0.04000609740614891 -0.01577058807015419 0.01315898448228836 -0.02076725848019123 -0.009957258589565754 0.0014848473947495222 -0.014337153173983097 5.012736073695123e-05 0.01585892029106617 -0.022253405302762985 -0.005731088109314442 -0.0015366688603535295 0.016864001750946045 0.04057514667510986 0.0072618210688233376 -0.01447828859090805 0.004501558840274811 0.0063237035647034645 0.015063113532960415 0.007634172681719065 -0.01552650611847639 0.016313863918185234 0.03726670518517494 -0.004925261717289686 0.04624175652861595 0.01140676997601986 0.017077678814530373 0.042704567313194275 0.0191024336963892 0.012850528582930565 0.010256361216306686 0.035820122808218 0.019424939528107643 -0.006362834945321083 0.04711262136697769 -0.060021646320819855 0.07472863793373108 0.052054569125175476 -0.0787026658654213 -0.085111103951931 0.0030596135184168816 -0.03290676325559616 -0.057620156556367874 -0.051095981150865555 0.0016460982151329517 -0.015922527760267258 0.002551420358940959 0.049736138433218 -0.09833963215351105 -0.010075106285512447 0.02477925270795822 -0.028391962870955467 -0.11222139745950699 -0.047439128160476685 -0.07403634488582611 -0.02575043961405754 -0.06777267903089523 -0.006713525392115116 0.019510259851813316 0.03010186366736889 -0.0782327726483345 -0.09754262864589691 -0.0326959565281868 0.018719781190156937 -0.10777059942483902 -0.09831357002258301 0.027169737964868546 0.06917964667081833 0.02815213054418564 0.03918992355465889 -0.09320753812789917 -0.06342591345310211 -0.0141587033867836 -0.018902720883488655 -0.06690947711467743 0.04019024968147278 0.021556736901402473 -0.059377141296863556 0.0923476442694664 -0.0380694717168808 -0.04421402886509895 0.006051470059901476 0.06593172997236252 0.08496076613664627 0.03594077378511429 0.07977613061666489 -0.019549423828721046 -0.03370100259780884 0.07719025015830994 0.04935498908162117 0.03882871940732002 0.06644582003355026 0.04391210153698921 0.12989334762096405 -0.10268115252256393 -0.12179170548915863 -0.05321061238646507 -0.09220372140407562 -0.01508938055485487 -0.11108724027872086 -0.07494812458753586 0.10807991772890091 -0.08439478278160095 -0.07726159691810608 -0.02210143208503723 0.12678496539592743 0.1386888474225998 0.11799786984920502 0.11483301222324371 0.111313596367836 -0.062327105551958084 0.0042612371034920216 -0.023121552541851997 -0.038997672498226166 0.11897825449705124 0.06217234209179878 0.08186528086662292 0.035951461642980576 0.07686394453048706 0.15508872270584106 0.006226508878171444 0.004217012785375118 -0.06463643908500671 0.048704978078603745 0.018162131309509277 -0.0551556833088398 -0.02415127493441105 0.026081634685397148 0.018895477056503296 0.007118626497685909 -0.006001278758049011 -0.0015070342924445868 0.09902545064687729 -0.018781783059239388 0.03757419064640999 -0.08259902894496918 -0.016634205356240273 0.029423369094729424 0.10512081533670425 0.08102457970380783 0.12555861473083496 -0.09950827062129974 -0.06536625325679779 -0.06899625062942505 -0.028200382366776466 0.08247286826372147 -0.061075471341609955 -0.01089414581656456 -0.011568764224648476 -0.007863087579607964 0.007423935923725367 0.008914883248507977 0.01448141410946846 -0.004277820698916912 0.015064572915434837 -0.018994547426700592 -0.026691844686865807 -0.05874580889940262
b1 32
-0.033669911324977875 -0.21108460426330566 -0.11946841329336166 0.2207532674074173 0.004167910665273666 -0.05872310325503349 -0.14688272774219513 0.1519755721092224 0.16928288340568542 -0.04317212849855423 -0.033188797533512115 0.0010052206926047802 -0.07533001899719238 0.19668613374233246 0.12943245470523834 0.09650630503892899 0.08293154835700989 0.11689944565296173 -0.038802020251750946 0.02033914439380169 -8.138859993778169e-05 0.06585442274808884 -0.036152902990579605 0.18451471626758575 0.09174051135778427 -0.004733354784548283 -0.01995779387652874 -0.05701671913266182 0.14357760548591614 -0.05634472891688347 0.05473082885146141 0.13346365094184875
W2 1024
-0.0002529467747081071 0.0021754647605121136 -1.330425960371917e-11 -0.011211730539798737 1.6898847599033928e-10 -7.31058264591411e-07 -0.001135650440119207 -0.014822342433035374 -0.03366637974977493 -0.001039029797539115 -9.51549603001034e-13 -0.0009118252783082426 -7.972260074318172e-10 -0.03798932209610939 -0.004352840129286051 -0.03138033300638199 -8.079042345343623e-06 -6.798982940381393e-05 -0.004992035683244467 -7.479841588065028e-05 -0.006868607364594936 6.48446747686382e-12 0.0003590621054172516 -0.013014864176511765 -0.003087446326389909 -0.0007008047541603446 0.0017858316423371434 0.0036811691243201494 -0.03783846274018288 3.5871290746808393e-12 2.3177963714982042e-10 -0.02452215924859047 0.00434206984937191 0.19980567693710327 0.12907865643501282 -0.21449463069438934 -0.07075780630111694 -0.007810716517269611 0.2005271315574646 -0.051437534391880035 -0.12088414281606674 -0.24143053591251373 -0.04948526248335838 0.15967753529548645 0.08313065022230148 -0.0018530543893575668 -0.003386216936632991 0.022714417427778244 0.08530635386705399 0.008112751878798008 0.14482788741588593 0.012586550787091255 0.16448496282100677 -0.0576871819794178 -0.0714195966720581 -0.10126987099647522 0.20562128722667694 -0.0689934641122818 -0.07249348610639572 0.12493910640478134 0.13134032487869263 -0.08151209354400635 -0.10466072708368301 0.041258398443460464 -0.009120066650211811 0.09847518801689148 -0.0322316475212574 -0.3895118534564972 -0.013173304498195648 0.14129458367824554 0.07224377989768982 -0.25462353229522705 -0.028989572077989578 -0.2667204737663269 -0.007807673886418343 0.24890464544296265 0.004438772331923246 -0.25348159670829773 -0.25320756435394287 -0.16819623112678528 0.01482283603399992 -0.10968004912137985 0.18218539655208588 0.18864886462688446 0.15200908482074738 0.07248568534851074 -0.18853768706321716 -0.19419518113136292 0.08469988405704498 0.10845031589269638 0.006201063748449087 0.30453434586524963 -0.10452109575271606 0.03421947732567787 -0.05740996450185776 -0.11043832451105118 -5.375954060582444e-05 -1.3409533494268544e-05 4.695133272783741e-15 -0.00017667505017016083 -3.853609086945653e-06 -1.1350629440914912e-17 -0.005729162134230137 -0.00010983448737533763 -0.0012322659604251385 -4.126918327074236e-07 -2.0047282944801736e-08 -0.005720625631511211 -5.751712294652241e-18 -0.00025901803746819496 -0.0005638313014060259 -0.0010370927629992366 -1.5216613974189386e-05 1.3416484762274195e-05 -0.007298946380615234 -0.006204414181411266 -0.006869994569569826 -1.287088906565259e-07 -3.535985115377116e-06 -0.0004445354570634663 -0.0003707013966049999 -0.0014164545573294163 -0.0014605415053665638 -0.00155178876593709 -3.885283206273016e-07 1.949755362782622e-17 -6.809356364101404e-06 -7.620681863329537e-09 0.23156766593456268 0.18355311453342438 -0.016782399266958237 -0.3728751242160797 -0.0159306563436985 -0.1086740717291832 0.19108836352825165 -0.06091161444783211 0.10330754518508911 -0.2159559428691864 -0.10431112349033356 0.17536477744579315 0.037566959857940674 -0.0221322700381279 -0.20370244979858398 0.019734350964426994 0.008428202010691166 -0.09300341457128525 0.17654763162136078 -0.09487142413854599 0.21195721626281738 -0.05549377575516701 -0.07769563049077988 0.00792061910033226 -0.012664306908845901 0.18048988282680511 0.1851978749036789 0.019950170069932938 0.07356801629066467 -0.0338989794254303 -0.05601629987359047 -0.05295567959547043 -0.1991359144449234 -0.183579221367836 0.014596334658563137 0.16905784606933594 0.015598665922880173 0.12029219418764114 0.1548144370317459 0.09492148458957672 -0.04397278279066086 0.052128393203020096 0.0020473122131079435 0.021044963970780373 0.007492903154343367 -0.014539971016347408 0.09208562970161438 0.07947230339050293 -0.08215740323066711 -0.032448962330818176 -0.12001091986894608 -0.012232129462063313 -0.08272900432348251 -0.03569718822836876 0.07740806043148041 0.07841069996356964 0.10074539482593536 0.13637863099575043 0.055906519293785095 -0.044752512127161026 0.005545927211642265 -0.005509877577424049 -0.09243535995483398 -0.055179402232170105 0.09474903345108032 0.10538873076438904 0.00600423151627183 -0.35684892535209656 -0.08933329582214355 0.09234598278999329 0.13331227004528046 -0.29731157422065735 -0.10307086259126663 -0.195564866065979 -0.001121662207879126 0.24485978484153748 0.002997289877384901 -0.31883931159973145 -0.21742333471775055 -0.31713902950286865 -0.06303159892559052 -0.08115590363740921 0.1877019852399826 0.14700166881084442 -0.07357924431562424 0.05331123620271683 -0.06606162339448929 -0.12370631098747253 0.023944605141878128 0.10729505121707916 -0.023695044219493866 0.2441578358411789 -0.10297435522079468 0.0027769003063440323 -0.11517633497714996 0.022832930088043213 -0.011335862800478935 -0.011806601658463478 -7.628005732840393e-06 -0.012040943838655949 -0.007838472723960876 0.0018352166516706347 -0.04859890788793564 0.00033977683051489294 -0.021794257685542107 0.00392180634662509 0.0003143507638014853 0.04598059877753258 -2.2117887382711032e-11 1.4387871734306176e-21 -0.03359305486083031 -0.02195262908935547 0.020099623128771782 -0.00020649943326134235 0.001855276059359312 -0.019569361582398415 -0.018253862857818604 -0.0035819262266159058 -0.011036275885999203 0.03264089301228523 -0.004775929730385542 -0.009397326037287712 0.007705892901867628 0.060393013060092926 -0.00030205148505046964 8.21750199975213e-06 0.002977590076625347 -6.024876431087733e-11 0.04756572097539902 -0.14321331679821014 0.12563996016979218 -0.04621264711022377 0.003405471332371235 0.14296816289424896 -0.03685697168111801 0.1399621218442917 0.07592392712831497 -0.008987014181911945 -0.049628257751464844 0.1417451947927475 -0.03097541071474552 0.10192123055458069 -0.07710745930671692 0.039960067719221115 0.10564568638801575 -0.1252894401550293 -0.19008144736289978 0.07465004920959473 0.09576386958360672 0.019590063020586967 -0.11912322789430618 0.04992261901497841 0.1220131441950798 -0.1385219693183899 0.13610035181045532 -0.26529228687286377 -0.12697403132915497 0.09042837470769882 0.07302593439817429 0.013558206148445606 -0.19360600411891937 -0.2062504142522812 -0.008698565885424614 -0.09233541786670685 -0.01662428118288517 0.14827321469783783 -0.10709251463413239 -0.019865646958351135 -0.2680313289165497 -0.066616952419281 -0.08762550354003906 -0.08162834495306015 -0.006445880513638258 0.02599157765507698 -0.11114779114723206 0.021971575915813446 -0.10427124798297882 -0.0904456302523613 0.02631564624607563 0.02301676571369171 0.12153223156929016 0.08293607831001282 -0.03805426135659218 0.16689524054527283 -0.12928719818592072 0.1439153552055359 -0.04218028858304024 -0.05441058427095413 -0.12116099894046783 0.052162494510412216 -0.004424829501658678 0.0064615062437951565 -8.951632480602711e-05 0.0007865841034799814 0.055749986320734024 -0.0046339440159499645 0.007365042809396982 -0.00015026329492684454 -0.0065191322937607765 -0.008611826226115227 -0.003858584212139249 -0.0002547618933022022 -0.00019668208551593125 -0.009735425002872944 -3.57889939905931e-09 -0.001540627097710967 -0.008897491730749607 -0.010301315225660801 -9.731897989695426e-06 -0.006295634899288416 -0.007379668764770031 -0.005500082392245531 0.004651607479900122 -0.0017140990821644664 0.0039800857193768024 0.00011813317541964352 0.033016134053468704 0.007512347307056189 -0.00016567902639508247 0.0008820464718155563 -0.00020137841056566685 -0.008654051460325718 0.00036289202398620546 -0.015789072960615158 -0.1390862762928009 -0.06951194256544113 -0.06370171159505844 0.03830274939537048 -0.04705280438065529 0.09425690770149231 0.09867861866950989 0.06202677637338638 -0.21643763780593872 -0.0710829347372055 -0.0010382483014836907 -0.057064808905124664 -0.019904928281903267 -0.004651905503123999 -0.1198468804359436 0.11545225977897644 -0.04207650572061539 -0.03268034756183624 0.08511602878570557 0.04101300612092018 -0.1350151151418686 -0.020902693271636963 -0.09232030808925629 0.1477528065443039 0.12243546545505524 0.0716753825545311 -0.1470116227865219 0.033192671835422516 -0.018057262524962425 -0.007237882819026709 -0.029836663976311684 -0.03514641523361206 0.0818553939461708 0.25390052795410156 0.14257024228572845 0.022976404055953026 0.008571937680244446 -0.010895499028265476 0.13046284019947052 -0.13463550806045532 -0.030070187523961067 -0.134136363863945 -0.0003151491400785744 0.13547798991203308 0.0959899052977562 0.1033591702580452 0.017132671549916267 0.018413815647363663 0.07861224561929703 0.01987791806459427 0.08449321240186691 0.1991175413131714 0.012843526899814606 0.06668787449598312 -0.06936433166265488 -0.09702278673648834 -0.1108437180519104 0.06426751613616943 0.15210026502609253 0.1245507001876831 -0.10439222306013107 0.01316434983164072 -0.031388673931360245 0.07919203490018845 -0.07025300711393356 0.17656844854354858 0.06067812442779541 0.004793984349817038 0.038821082562208176 -0.05667136609554291 -0.07196014374494553 0.06763698905706406 -0.08389758318662643 0.047835614532232285 0.09456685185432434 0.06460714340209961 0.01769065670669079 0.019781870767474174 0.14241354167461395 -0.1659506857395172 -0.051333606243133545 -0.02507813461124897 -0.05267546325922012 -0.016810664907097816 -0.1475915163755417 -0.08838342875242233 -0.08233268558979034 -0.13386258482933044 -0.09046736359596252 0.07788306474685669 0.045221708714962006 0.15911997854709625 -0.1362770050764084 -0.01292272936552763 -0.08230537176132202 0.018914345651865005 0.07579563558101654 0.20306573808193207 0.12160436809062958 -0.3034832179546356 -0.04656578227877617 -0.06799538433551788 0.0627083033323288 0.011536545120179653 0.07559561729431152 -0.1887921541929245 0.012833251617848873 0.08013321459293365 -0.00937349908053875 -0.06782311201095581 0.009166124276816845 -0.08400320261716843 -0.047481805086135864 -0.08317288756370544 0.07611957937479019 0.11870802193880081 0.06028956174850464 -0.019259708002209663 0.05398913472890854 -0.08624067157506943 -0.060054607689380646 0.035746779292821884 -0.008861702866852283 0.21283164620399475 0.16489900648593903 -0.08974452316761017 -0.0008538960828445852 -0.059936221688985825 0.05090410262346268 -0.2142629623413086 0.05269031599164009 -0.0028507926035672426 -0.13074444234371185 -0.08099392801523209 -0.06533413380384445 0.09354311972856522 0.051269978284835815 0.03547482192516327 0.1298123002052307 -0.12686772644519806 0.005715016275644302 0.1947692483663559 0.04521551355719566 0.1083797886967659 -0.12566575407981873 -0.009033024311065674 -0.02109168842434883 0.11503282189369202 0.054871492087841034 -0.19410739839076996 0.019970111548900604 0.10831496864557266 -0.1272800862789154 0.1683892011642456 -0.0938986986875534 -0.09669285267591476 -0.11532101035118103 -0.06092902645468712 -0.07548799365758896 0.06573254615068436 -0.2222784012556076 -0.06840425729751587 0.12781545519828796 -0.12306880950927734 0.07771283388137817 0.09728019684553146 0.20518270134925842 0.10553232580423355 -0.16332094371318817 0.04572180658578873 0.012256191112101078 -0.0879439190030098 0.05779152363538742 0.09010617434978485 0.012733915820717812 0.20796829462051392 0.057310253381729126 0.10270337015390396 -0.004773953463882208 -0.03521326184272766 -0.009788203053176403 -0.04429345950484276 -0.07600794732570648 0.04010244086384773 0.13776567578315735 -0.060378339141607285 -0.05390683934092522 -0.028743907809257507 0.008114191703498363 -0.06096331402659416 -0.0972788855433464 0.005569224711507559 0.19089333713054657 0.25290635228157043 0.1105213463306427 -0.36424097418785095 -0.12280794233083725 0.16397625207901 -0.10406235605478287 -0.0017584937158972025 -0.10728985071182251 -0.22906482219696045 0.06616789847612381 0.040057066828012466 -0.012486743740737438 -0.18952490389347076 0.0015576358418911695 -0.07325820624828339 -0.0530889630317688 -0.05857856944203377 0.04893137887120247 0.17933817207813263 0.20514623820781708 -0.14907754957675934 -0.1576032191514969 -0.2321227341890335 0.11747212707996368 0.05466651916503906 0.20754531025886536 0.2471553236246109 -0.11185775697231293 -0.010018796660006046 -0.12339401990175247 0.017823033034801483 0.1756100207567215 0.21757882833480835 -0.038123078644275665 -0.4237240254878998 -0.02118721231818199 -0.11186657100915909 0.16078506410121918 -0.067540742456913 -0.2694340646266937 -0.2746298313140869 0.004964607302099466 -0.01705220527946949 -1.7326462530345421e-12 -0.19948334991931915 -0.28648513555526733 -0.20036162436008453 -0.06967326253652573 -0.11667800694704056 0.09881827980279922 0.08705025911331177 0.1315101832151413 -0.0065498086623847485 -0.15267255902290344 -0.22981126606464386 -0.03654496371746063 0.1753610372543335 0.02611291967332363 0.31002748012542725 -0.12161510437726974 -0.03632810339331627 -0.0688069760799408 -0.0798049196600914 0.15012457966804504 0.14506281912326813 0.08293973654508591 -0.3554651439189911 -0.12678013741970062 0.0836617723107338 -0.030387021601200104 -0.21085970103740692 -0.26854240894317627 -0.1646837741136551 0.03136228024959564 0.19623996317386627 0.016992725431919098 -0.1451948583126068 -0.12576669454574585 -0.276138573884964 -0.08048715442419052 -0.006733747664839029 0.19300530850887299 0.1341468095779419 0.11699647456407547 0.06536281108856201 0.02770046703517437 -0.1997692734003067 -0.14093069732189178 -0.030985312536358833 0.2263181060552597 -0.009155596606433392 0.07039189338684082 0.0405479334294796 -0.11788516491651535 0.005144411697983742 -0.2693730294704437 -0.11491969972848892 0.011692199856042862 -0.052047234028577805 -0.002582517685368657 -0.15662045776844025 0.045749153941869736 -0.05722403526306152 0.08645100146532059 -0.04047876223921776 -0.02392544224858284 0.00749278673902154 0.005557619966566563 0.18703465163707733 -0.060169193893671036 0.1155000850558281 -0.07014887034893036 -0.04722360894083977 0.1462727189064026 -0.18134252727031708 0.1385655254125595 0.008244733326137066 -0.05397185683250427 0.12978726625442505 0.11367733031511307 0.0698266550898552 0.04138297587633133 -0.2454153299331665 -0.16272996366024017 -0.027812140062451363 0.008842544630169868 0.05892154574394226 0.09461230784654617 -0.117943175137043 0.0839475691318512 0.1013031080365181 0.06956541538238525 0.08686302602291107 -0.16838438808918 -0.15024805068969727 -0.17815883457660675 0.11813095957040787 -0.051848262548446655 -0.04009905457496643 -0.015626808628439903 0.17330694198608398 0.12899522483348846 -0.05484148487448692 0.08840715140104294 0.13099536299705505 0.04289235919713974 0.0379677340388298 0.13123755156993866 0.020565543323755264 0.06002451106905937 -0.1311860978603363 0.05978420376777649 -0.12652812898159027 -0.04991630092263222 -0.13529641926288605 -0.03839300945401192 0.1116514578461647 0.07131674140691757 -0.15252621471881866 -0.03134806826710701 -0.15069067478179932 0.08105379343032837 -0.10334104299545288 -0.09100772440433502 -0.0038461436051875353 -0.050455812364816666 0.18572092056274414 0.02559342235326767 -0.08131246268749237 0.06452825665473938 -0.011828413233160973 -0.08980217576026917 0.21319298446178436 0.11568601429462433 0.13855330646038055 -0.06928478926420212 0.024371320381760597 -0.11501758545637131 -0.1203194260597229 0.04831986129283905 -0.11484601348638535 -0.000962817226536572 0.23412182927131653 0.15392598509788513 -0.1450287401676178 0.08671510219573975 -0.0905691459774971 -0.09287714958190918 0.049597300589084625 -0.04971340671181679 0.024166665971279144 -0.2046608179807663 -0.2273309975862503 -0.021076777949929237 0.13285444676876068 0.11936195939779282 0.05990011245012283 -0.1082240417599678 0.03437041863799095 -0.12168577313423157 0.12771092355251312 0.04237540438771248 -0.07929281890392303 0.0045954217202961445 -0.08039315044879913 0.10620611160993576 -0.07200238853693008 0.013669129461050034 0.018044816330075264 -0.11796483397483826 -0.1063358411192894 -0.07930275052785873 0.054223205894231796 0.06300200521945953 0.04702208563685417 0.023075412958860397 0.01314475852996111 -0.0006226953701116145 -0.17629730701446533 0.02567802555859089 -0.007538634818047285 0.014509815722703934 0.010924463160336018 -0.2597040832042694 -0.22009854018688202 0.0876329243183136 -0.13044516742229462 -0.0468364953994751 -0.11699822545051575 0.054535314440727234 0.09023898094892502 -0.02085908316075802 -0.08264648914337158 -0.07194632291793823 0.17419680953025818 0.06774230301380157 0.06689571589231491 -0.06925594061613083 0.09470139443874359 0.006331034004688263 -0.13768036663532257 -0.07415573298931122 -0.030224284157156944 -0.04090482369065285 0.0014758944744244218 -0.012400618754327297 0.07698972523212433 0.09661716967821121 0.030392363667488098 -0.07830826938152313 -0.13508768379688263 0.08601105213165283 -0.09319527447223663 -0.020718995481729507 -0.013693629764020443 0.0517970472574234 0.028941938653588295 0.05564853176474571 -0.2548414170742035 -0.009927934966981411 -0.06386898458003998 0.1534608155488968 0.08611590415239334 0.1265850067138672 -0.10441681742668152 -0.028627196326851845 0.1001146212220192 0.0009453974780626595 0.06246599182486534 -0.0843106061220169 -0.12661084532737732 -0.08646992594003677 -0.08543911576271057 0.09381253272294998 0.10812584310770035 -0.011452610604465008 -0.0017111905617639422 -0.050495635718107224 -0.19709046185016632 0.08785725384950638 0.0343124084174633 0.13049980998039246 0.2848072350025177 0.0866728276014328 -0.029446454718708992 -0.04913967102766037 -0.03915437310934067 -0.04918842017650604 -0.0011069822357967496 -0.006441859994083643 -0.0973687693476677 0.022704603150486946 -0.003842037869617343 -0.01717488095164299 0.2278827279806137 0.1491265594959259 -0.023319436237215996 0.033019959926605225 -0.2172735035419464 -0.1450916826725006 0.16416876018047333 0.010403699241578579 0.07361853867769241 0.003542524529621005 -0.07338936626911163 -0.03677918016910553 -0.09294722974300385 -0.0529557503759861 0.020586160942912102 -0.007329207379370928 0.24213014543056488 0.20555926859378815 -0.019838986918330193 -0.11683551967144012 -0.3563915491104126 -0.0710691586136818 -0.0866725742816925 0.013556675054132938 0.17339123785495758 0.21256494522094727 0.16572581231594086 -0.06722740083932877 -0.44728177785873413 -0.020092330873012543 -0.02003052458167076 0.11151739954948425 -0.06603800505399704 -0.21339493989944458 -0.32198935747146606 -0.005410679150372744 0.11028625816106796 -1.631421895353924e-07 -0.028703324496746063 -0.33815082907676697 -0.1680493801832199 -0.0013549750437960029 -0.15235529839992523 0.057608116418123245 0.08304664492607117 -0.08551864326000214 0.03259609267115593 -0.19792386889457703 -0.07513728737831116 0.016291139647364616 0.1022343635559082 0.2557127773761749 0.22663643956184387 -0.028849029913544655 -0.02976098097860813 -0.0796205997467041 -0.12620070576667786 -0.01069067046046257 -7.712053047725931e-05 -0.004366487730294466 6.469233630923554e-05 0.0001669024204602465 -2.5041822482307907e-07 0.03188168257474899 -0.00024673331063240767 6.773842324037105e-05 0.002080298261716962 -8.765114762354642e-05 0.024944575503468513 -2.159314590244321e-06 1.8856764654628932e-05 -0.023022044450044632 0.00015606998931616545 0.002188424812629819 -0.0023502137046307325 0.05498431995511055 -0.10026749223470688 -0.09872598946094513 0.01810755394399166 0.0019632941111922264 0.06790776550769806 -0.0008336211903952062 -3.924988504877547e-06 0.07060209661722183 -0.020459089428186417 -0.0009329032036475837 0.0011455063940957189 -2.0777942921768044e-08 -7.22162367310375e-05 0.0020736504811793566 -0.051732491701841354 0.06504831463098526 0.018164021894335747 0.04265390709042549 0.16125832498073578 0.15870533883571625 0.07112178951501846 -0.017847461625933647 -0.08325108885765076 -0.022247374057769775 -0.15148746967315674 0.08655820041894913 -0.046888284385204315 -0.12658028304576874 0.0979301780462265 -0.05721412971615791 -0.17473456263542175 -0.04000700265169144 -0.07462141662836075 0.15176835656166077 0.053230732679367065 -0.08209884911775589 -0.0026729777455329895 0.058362506330013275 -0.07150879502296448 -0.20248758792877197 -0.1787363886833191 0.103286974132061 -0.07187056541442871 -0.12869177758693695 0.14793944358825684 -0.0743253156542778 -0.007128095254302025 -0.02625441551208496 -0.030617067590355873 -0.024279391393065453 0.021646304056048393 0.029276281595230103 -0.02333696000277996 -0.08293946832418442 -0.07486864179372787 -0.03263938054442406 -0.11498948186635971 -0.019691966474056244 0.04667312279343605 -0.08250446617603302 -0.09524520486593246 -0.037730518728494644 -0.10123816132545471 0.05734030529856682 -0.007749190088361502 0.12786556780338287 -0.04311962053179741 -0.008878424763679504 0.0492551326751709 0.17852139472961426 -0.045006588101387024 -0.14777126908302307 -0.25271075963974 -0.12436386942863464 0.04966069757938385 -0.03949132561683655 -0.020897259935736656 0.25551483035087585 0.16517221927642822 0.02102912962436676 -0.24906574189662933 -0.02838686853647232 0.13794445991516113 -0.034573789685964584 -0.25652697682380676 -0.2917276620864868 -0.3265138864517212 -0.046186868101358414 0.15830670297145844 -0.0033432741183787584 -0.2304787039756775 -0.3677976727485657 -0.22137869894504547 -0.1366065889596939 -0.2257634699344635 0.1312854290008545 0.1929541826248169 -0.020412025973200798 -0.03663461282849312 -0.11677927523851395 -0.27680373191833496 -0.011600928381085396 0.16465196013450623 -0.058471258729696274 0.031467504799366 -0.12026234716176987 -0.1251540184020996 -0.11133405566215515 -0.23389627039432526
b2 32
-0.02366403304040432 0.16105052828788757 -0.12270290404558182 -0.006866559851914644 0.06628625839948654 0.06476129591464996 -0.08867672830820084 -0.09857238084077835 0.055107586085796356 0.1023818776011467 -0.036274515092372894 -0.04349007084965706 0.09755995869636536 0.11527526378631592 -0.16807621717453003 0.1684902161359787 -0.0011847701389342546 -0.08739315718412399 -0.17161335051059723 -0.15967099368572235 -0.10047867894172668 0.125530406832695 -0.024627823382616043 0.09613354504108429 0.15422745048999786 -0.016447249799966812 0.13072791695594788 -0.12918677926063538 -0.06996285915374756 0.2090587019920349 0.09262952953577042 0.06768140941858292
W3 32
-0.007753442507237196 0.19210243225097656 0.18249858915805817 -0.013072969391942024 0.1368499994277954 -0.04680104926228523 0.23331375420093536 -0.01298730168491602 -0.1462189108133316 -0.2167251706123352 -0.024336468428373337 -0.13433875143527985 0.13472193479537964 -0.07423780113458633 0.14138485491275787 -0.17342938482761383 -0.1783287078142166 0.23766010999679565 0.23076917231082916 0.25567758083343506 -0.08362387120723724 -0.07127635180950165 0.20771445333957672 0.12677574157714844 -0.14841125905513763 0.06481198221445084 0.2685202360153198 0.29704704880714417 -0.00023013817553874105 -0.17623290419578552 -0.20794443786144257 0.2299058586359024
b3 1
-0.12998144328594208
