input_dim 64
hidden 32
log_input 1
y_mean 2.3837499618530273
y_std 5.298862457275391
x_mean 64
1.1628046035766602 1.2634745836257935 1.330484390258789 1.3790661096572876 1.417439341545105 1.4487085342407227 1.4760653972625732 1.5001699924468994 1.5225119590759277 1.542641520500183 1.5614901781082153 1.5789849758148193 1.5952202081680298 1.611066460609436 1.6259429454803467 1.6404855251312256 1.6546132564544678 1.6679919958114624 1.6806610822677612 1.692893385887146 1.7042006254196167 1.7158151865005493 1.727366328239441 1.7378790378570557 1.7481024265289307 1.7579768896102905 1.7673771381378174 1.7763729095458984 1.785294771194458 1.794006109237671 1.8025856018066406 1.8109511137008667 1.8190186023712158 1.8270983695983887 1.8347851037979126 1.8422805070877075 1.8499056100845337 1.8570855855941772 1.8641541004180908 1.8713399171829224 1.8786873817443848 1.8855247497558594 1.8925122022628784 1.8996411561965942 1.906477451324463 1.913503646850586 1.9205589294433594 1.9276790618896484 1.9344028234481812 1.9413838386535645 1.948511004447937 1.9558154344558716 1.963510513305664 1.971452236175537 1.979716181755066 1.988631010055542 1.9979115724563599 2.0075414180755615 2.0183210372924805 2.030217409133911 2.044064998626709 2.060598850250244 2.082427978515625 2.1170690059661865
x_std 64
0.28745636343955994 0.2833852767944336 0.2736739218235016 0.2666884958744049 0.2615741789340973 0.25788548588752747 0.2540367543697357 0.2509711980819702 0.24839290976524353 0.2453412413597107 0.24272674322128296 0.24006609618663788 0.23774248361587524 0.23577728867530823 0.23367133736610413 0.23119927942752838 0.22889888286590576 0.22652795910835266 0.22424869239330292 0.2219209372997284 0.21999573707580566 0.2172825187444687 0.21405287086963654 0.21177998185157776 0.20931249856948853 0.20710726082324982 0.2048739492893219 0.2027297168970108 0.20071908831596375 0.19835732877254486 0.19600056111812592 0.19318896532058716 0.1909288913011551 0.18853797018527985 0.18694473803043365 0.18485821783542633 0.18245674669742584 0.18053855001926422 0.1786947250366211 0.1765449494123459 0.17366541922092438 0.17174607515335083 0.1694972962141037 0.16663038730621338 0.1643296182155609 0.16166171431541443 0.15895530581474304 0.15653051435947418 0.1559082418680191 0.15433141589164734 0.15215134620666504 0.1505146324634552 0.14811106026172638 0.14579921960830688 0.14359179139137268 0.14042922854423523 0.13861064612865448 0.13730524480342865 0.13475002348423004 0.1319800615310669 0.12969176471233368 0.12538862228393555 0.12169871479272842 0.12179707735776901
W1 2048
0.005668846424669027 -0.35304781794548035 -0.3146434724330902 -0.16893760859966278 -0.14128857851028442 -0.06296472996473312 -0.22450697422027588 -0.09817232191562653 -0.10949964076280594 -0.2287837117910385 -0.1581629365682602 -0.13637316226959229 -0.13864478468894958 -0.18199920654296875 -0.03150033950805664 -0.03268329054117203 -0.009057212620973587 0.03727441281080246 -0.04350478947162628 -0.1291329711675644 -0.12540769577026367 -0.05437065660953522 -0.04315134510397911 0.013196572661399841 -0.08792432397603989 -0.03209295496344566 0.06349995732307434 0.10753224790096283 -0.007836286909878254 -0.01789037510752678 -0.09318067133426666 -0.10194860398769379 -0.00959369633346796 0.02651958540081978 0.013835468329489231 -0.0056708622723817825 0.0028943680226802826 0.04029523581266403 0.044384196400642395 -0.03955652192234993 -0.06089433282613754 -0.0766245499253273 0.013089215382933617 -0.08379936218261719 0.06771313399076462 -0.06807789206504822 -0.052215997129678726 0.04153917729854584 -0.018011663109064102 0.004793636966496706 0.08631617575883865 -0.07359424978494644 -0.006583630107343197 0.05831250175833702 0.09925931692123413 0.023155279457569122 -0.03127094730734825 -0.0020438095089048147 -0.009679067879915237 0.10504639148712158 -0.04633716121315956 0.02652222104370594 0.0862245187163353 0.04195244610309601 0.20910127460956573 0.1420256495475769 0.019257301464676857 0.04527788981795311 0.13117018342018127 0.12945188581943512 0.07437758147716522 0.136421799659729 0.10726162791252136 0.05065939202904701 0.07292444258928299 0.014728100970387459 0.05152014642953873 0.08328360319137573 -0.11666697263717651 0.009459581226110458 -0.12797603011131287 0.03942136839032173 -0.06235048919916153 -0.12722645699977875 0.010013756342232227 -0.08082252740859985 0.03723934292793274 0.08746884018182755 -0.09186582267284393 0.0060743167996406555 -0.05358437821269035 -0.11983943730592728 -0.055060047656297684 -0.06103416532278061 -0.05544053763151169 -0.053273968398571014 0.007247144356369972 0.0639498233795166 -0.09310895949602127 -0.010274787433445454 -0.01155038457363844 -0.06175120547413826 0.04564758390188217 0.042097825556993484 0.10752018541097641 -0.045396655797958374 0.07797084003686905 0.06579279154539108 -0.04588994383811951 0.03129644691944122 -0.10091280937194824 -0.0029335024300962687 0.025498397648334503 -0.08789978176355362 -0.09698792546987534 -0.04596865922212601 -0.02881460450589657 0.009804696775972843 0.04732608050107956 -0.05981079488992691 -0.10566163808107376 0.06685026735067368 0.03948060795664787 0.048170652240514755 -0.037285685539245605 0.0006522812182083726 -0.09085100144147873 0.007445759605616331 -0.1047167032957077 -0.04842986539006233 -0.1630512773990631 0.05173022300004959 -0.017262989655137062 -0.12110655754804611 -0.011262460611760616 0.008960655890405178 0.044503144919872284 -0.014017962850630283 0.08539633452892303 -0.08774468302726746 0.05429907143115997 0.042672041803598404 -0.09726802259683609 0.0630853995680809 0.1066584587097168 0.09689653664827347 -0.05118437856435776 0.028698274865746498 -0.07732857018709183 -0.09087281674146652 0.1490989476442337 0.11216206848621368 -0.0505056194961071 0.046902548521757126 -0.07726002484560013 0.05524015054106712 0.12219136953353882 -0.11361189931631088 0.026382751762866974 -0.10390707105398178 0.11843406409025192 0.09382819384336472 0.022115245461463928 0.04683775454759598 0.04213599115610123 0.09609473496675491 -0.061272408813238144 0.10030452162027359 -0.057914502918720245 -0.02845602296292782 -0.05919951945543289 -0.0966576635837555 -0.003083978546783328 -0.08979880064725876 -0.06439131498336792 -0.09870654344558716 0.021458780393004417 0.03257492929697037 0.05787745863199234 0.09597185999155045 0.11484543979167938 -0.0754791647195816 0.10350833833217621 0.0031315574888139963 0.08517717570066452 0.03873765468597412 0.08826354146003723 0.16138824820518494 0.007336335256695747 0.047194041311740875 -0.12538038194179535 -0.07402163743972778 -0.1540137678384781 -0.05849568173289299 -0.021190177649259567 0.024648386985063553 0.08039629459381104 -0.05639359727501869 0.09908173978328705 -0.07068236172199249 -0.11405351012945175 -0.002846936695277691 0.09083925932645798 -0.13328807055950165 -0.0001857187889982015 -0.05327285826206207 0.04605712741613388 0.0196912232786417 0.027870386838912964 -0.0011605401523411274 -0.0845993310213089 0.09729696065187454 0.04497009143233299 0.12264157086610794 0.03284284099936485 0.12912888824939728 0.00159603136125952 0.06943216919898987 0.06286508589982986 -0.09043377637863159 0.11500178277492523 -0.0041133081540465355 0.06593897193670273 0.068137526512146 -0.013295509852468967 -0.10097363591194153 0.07796063274145126 0.06913439184427261 0.0451040156185627 -0.1115684062242508 -0.12029696255922318 0.0152831319719553 -0.11797463148832321 0.03415245935320854 0.07747838646173477 -0.07586858421564102 -0.06374698132276535 -0.10673752427101135 0.01129318866878748 0.053467124700546265 0.0713348463177681 -0.04366370663046837 0.10428498685359955 0.07135748863220215 0.10216835141181946 0.07545729726552963 -0.014575891196727753 -0.05551991984248161 0.08096472918987274 -0.008150863461196423 0.02592586539685726 0.08164703845977783 0.04559166729450226 0.01830575428903103 0.028048090636730194 -0.06203582510352135 -0.058801375329494476 -0.12469082325696945 -0.1148245632648468 -0.15066087245941162 -0.10493184626102448 -0.12861637771129608 -0.016647743061184883 0.031309034675359726 0.07630565762519836 0.026728592813014984 -0.003905674908310175 -0.039545491337776184 -0.0002251304395031184 0.10174207389354706 -0.10699966549873352 0.10921260714530945 0.06153254956007004 0.1481657475233078 0.026379799470305443 0.10565945506095886 0.1329229325056076 0.03151958808302879 0.07251199334859848 0.0037502881605178118 -0.01573328487575054 -0.0771891251206398 0.12867620587348938 -0.10230977088212967 0.057738859206438065 -0.04710294306278229 0.025580279529094696 -0.018102796748280525 0.0915047898888588 0.07183550298213959 0.01401890441775322 -0.05344991758465767 -0.024807605892419815 0.04347490519285202 0.1276656985282898 0.04711848497390747 -0.006663248408585787 0.03548737242817879 -0.05657248944044113 0.04149497300386429 0.0671629086136818 -0.037691716104745865 0.0668872743844986 -0.02230650931596756 -0.08456642925739288 0.08121386170387268 0.04571910575032234 -0.0731387808918953 0.07818659394979477 0.025237292051315308 0.09482283145189285 -0.09667683392763138 -0.10552068799734116 0.0673738345503807 -0.09235423803329468 -0.1299448311328888 0.03536312282085419 0.06379193067550659 -0.07028267532587051 -0.06579560041427612 0.025249401107430458 -0.13744334876537323 0.023607198148965836 -0.00215592491440475 0.029867013916373253 0.057677291333675385 -0.10505542159080505 0.03958938270807266 0.08450312167406082 -0.09782475978136063 -0.07286842912435532 -0.03229646757245064 0.037777867168188095 0.04006297141313553 -0.07982371747493744 -0.06082921475172043 -0.009521151892840862 0.08601654320955276 0.022751780226826668 -0.09514182806015015 0.10916244238615036 -0.10459063947200775 0.03106001950800419 -0.05222981423139572 0.11512041091918945 -0.03215730935335159 -0.057950496673583984 0.12953007221221924 0.10878105461597443 -0.01226256787776947 -0.05702022463083267 0.11386378109455109 0.05034320428967476 0.10630853474140167 -0.04240424185991287 0.08958449959754944 0.10942980647087097 0.03201022744178772 -0.044136784970760345 0.06692705303430557 0.037377264350652695 -0.06584485620260239 -0.08718317002058029 0.060805149376392365 -0.06267239153385162 -0.06154635548591614 -0.08928877115249634 -0.12342427670955658 -0.018175967037677765 0.040385372936725616 -0.009913492016494274 0.10254287719726562 0.09936067461967468 0.04356024041771889 0.07620016485452652 0.07733601331710815 -0.09618952125310898 -0.07458200305700302 -0.014970245771110058 0.15476712584495544 0.04651560261845589 0.0022700754925608635 0.05806656926870346 0.1669866293668747 0.046383947134017944 0.15659202635288239 0.06927283853292465 0.051174577325582504 -0.035963963717222214 -0.11538755893707275 0.034837011247873306 0.00047966124839149415 -0.005047931801527739 -0.07593061029911041 0.0044950745068490505 0.06024917960166931 -0.08283170312643051 0.08957384526729584 -0.0754440426826477 -0.04141465574502945 -0.010444295592606068 0.06485142558813095 0.13223209977149963 0.1092509925365448 0.0983709990978241 -0.06710502505302429 0.13585230708122253 0.09414075314998627 0.14410318434238434 0.03927537426352501 0.02917853370308876 -0.03448985889554024 -0.05629592016339302 0.0481058768928051 -0.05238339677453041 -0.06679672747850418 -0.09403499215841293 0.02309064194560051 0.04757983982563019 -0.1259247362613678 0.0615374818444252 -0.04417454078793526 -0.07491874694824219 -0.06761849671602249 -0.07731222361326218 0.05784527212381363 0.049769215285778046 -0.03564009442925453 0.008216303773224354 0.13440434634685516 0.1252271682024002 -0.07115937769412994 -0.07284091413021088 -0.08488698303699493 0.028365451842546463 -0.09024418890476227 -0.0068577369675040245 0.0180998295545578 0.07967305183410645 -0.04934937134385109 0.02568729780614376 -0.053146280348300934 0.09850446879863739 -0.0070152198895812035 0.0474558062851429 -0.006532646249979734 0.10492385923862457 -0.04464062675833702 0.030825592577457428 -0.04605570435523987 -0.05010176822543144 -0.0437297597527504 -0.02031165361404419 0.02377086505293846 0.08860660344362259 -0.023315709084272385 -0.11232750862836838 0.06754463911056519 0.07861454039812088 -0.08458387851715088 -0.09539291262626648 -0.05025434121489525 0.1289016604423523 0.09302128851413727 0.0015819778200238943 -0.08565744757652283 0.03762155398726463 -0.08182664215564728 -0.013555498793721199 -0.08730386197566986 0.032920751720666885 0.050400618463754654 0.0031076909508556128 -0.012017608620226383 0.04507442191243172 -0.09510121494531631 0.043112222105264664 -0.013209421187639236 -0.07174891978502274 0.1364719122648239 -0.007582681253552437 -0.024020414799451828 -0.00168896303512156 -0.007060542702674866 0.04711028188467026 0.022434869781136513 -0.020483767613768578 0.05231936648488045 -0.030156517401337624 0.06932538747787476 0.05699664726853371 -0.009748650714755058 0.022881347686052322 -0.11991608887910843 -0.031911514699459076 -0.05061260610818863 0.04850015416741371 0.036997441202402115 0.07593698799610138 0.02968604303896427 0.08549812436103821 0.1161746233701706 -0.051410093903541565 -0.06787246465682983 0.0493430532515049 -0.1325085312128067 0.051612332463264465 0.029833953827619553 -0.07324126362800598 0.12755714356899261 -0.03331076726317406 0.10391504317522049 0.2546832859516144 0.08314046263694763 0.18596749007701874 -0.07351253181695938 0.14358486235141754 -0.10154694318771362 0.10479578375816345 0.06814071536064148 0.016735617071390152 -0.017477579414844513 0.04589078947901726 0.07422145456075668 -0.06737751513719559 0.013748746365308762 0.01874365657567978 -0.08698906004428864 -0.05747107043862343 0.09387195855379105 -0.01292238850146532 -0.10744015127420425 -0.10981863737106323 -0.0956021398305893 0.09866458177566528 0.05155323073267937 0.06356462091207504 0.017957070842385292 -0.09444722533226013 -0.06122176721692085 -0.004254739265888929 0.07074680924415588 0.05044173821806908 -0.04777228459715843 -0.018599603325128555 0.06522618234157562 0.11410347372293472 -0.1192408949136734 -0.07155384123325348 0.10159888863563538 -0.015159917064011097 -0.01833999902009964 -0.10919825732707977 0.038460250943899155 -0.08094978332519531 0.01644701510667801 -0.05809621885418892 -0.06833618134260178 0.0496947206556797 -0.00024334594490937889 -0.010280524380505085 -0.00428884569555521 -0.0630750060081482 -0.07177162170410156 -0.11098354309797287 0.0493534617125988 0.052425581961870193 0.09583518654108047 -0.024630090221762657 0.06873888522386551 -0.016292141750454903 -0.050640374422073364 0.043018635362386703 -0.014762730337679386 -0.02180432714521885 -0.08319249004125595 -0.04042717441916466 -0.04785803332924843 0.0831948071718216 -0.06764622777700424 -0.046319905668497086 0.09430395066738129 -0.06880702078342438 -0.022999659180641174 0.08906558901071548 -0.024348819628357887 -0.05331100523471832 -0.040133923292160034 -0.029194533824920654 0.021680915728211403 0.007378816604614258 0.04684632271528244 -0.06397558748722076 0.03090227209031582 0.009227888658642769 -0.02566346898674965 -0.093988798558712 -0.09427689015865326 0.1037507876753807 -0.004840086214244366 -0.06439459323883057 0.05687645077705383 0.025325501337647438 -0.03213062137365341 -0.054053306579589844 0.10381542891263962 0.05119295418262482 -0.02344669960439205 0.009777726605534554 0.014685804955661297 0.034391921013593674 0.04464169964194298 -0.08506422489881516 0.0799727514386177 -0.0877341777086258 0.08319395035505295 -0.024331552907824516 0.08957616239786148 -0.022322816774249077 0.017458215355873108 -0.0016470125410705805 -0.06211259588599205 0.1021728366613388 0.07888294011354446 -0.03822578489780426 0.1031818613409996 -0.0361604280769825 0.02767801284790039 0.086918905377388 0.08873635530471802 -0.004084545653313398 -0.053992047905921936 -0.10104485601186752 -0.05239451304078102 -0.00209889467805624 -0.10356046259403229 -0.05784577876329422 0.03609355539083481 0.0455099493265152 -0.04664494842290878 0.23998910188674927 0.009573517367243767 0.1338038295507431 0.16823631525039673 0.04818513244390488 0.0743047297000885 0.11396797746419907 0.1007964164018631 0.011061289347708225 0.13083522021770477 -0.08623400330543518 0.12254610657691956 -0.07842685282230377 -0.09052780270576477 -0.057214122265577316 -0.07508740574121475 0.06252798438072205 -0.1261342614889145 -0.09519494324922562 0.004523413721472025 -0.02823922410607338 0.065948985517025 0.02521972358226776 -0.03829597309231758 0.09011377394199371 -0.12106943875551224 0.03601172938942909 -0.07138209789991379 -0.003615272231400013 -0.0014550371561199427 -0.033219292759895325 0.08600097894668579 -0.08143477141857147 0.037959929555654526 -0.09556141495704651 -0.0037653963081538677 -0.1290203034877777 0.09134543687105179 0.05399012193083763 0.0497015081346035 -0.02394103817641735 0.11096492409706116 0.024607282131910324 -0.08252805471420288 0.05267047509551048 -0.05139819160103798 0.11603790521621704 -0.0858120396733284 -0.024576324969530106 -0.11358331888914108 0.007427453529089689 -0.038720812648534775 0.009090210311114788 -0.055909283459186554 -0.08973298966884613 0.003842690261080861 -0.021142244338989258 0.09084975719451904 -0.012484926730394363 0.047929394990205765 0.01033440325409174 -0.15979088842868805 -0.0918147936463356 -0.01419247779995203 0.010696357116103172 0.05233181640505791 0.008485369384288788 0.013297534547746181 0.03710907697677612 -0.05171199515461922 0.11771783232688904 0.10432317852973938 0.040094900876283646 -0.05067995563149452 0.08819659054279327 0.07425099611282349 0.03940790146589279 -0.10138082504272461 -0.008685993030667305 0.09923147410154343 0.0921851396560669 -0.10635095834732056 -0.050555307418107986 -0.09106410294771194 -0.09172508865594864 -0.08609407395124435 0.06183568388223648 0.09779620915651321 0.026475543156266212 -0.06181403622031212 -0.11256745457649231 0.054352056235075 0.09395104646682739 -0.04081643372774124 0.014780135825276375 -0.03549906983971596 -0.013666517101228237 0.06049865111708641 -0.12430348992347717 0.009891079738736153 0.04708073288202286 -0.1068650409579277 -0.11055032163858414 -0.005901416763663292 0.057403627783060074 0.019856952130794525 0.053174927830696106 0.10944121330976486 0.05751518905162811 -0.02482483722269535 -0.012487475760281086 -0.017036378383636475 -0.042944859713315964 -0.04553389549255371 -0.039451733231544495 0.04685399308800697 0.05778679624199867 -0.11656557768583298 0.06469878554344177 -0.019411316141486168 0.08639362454414368 -0.11114191263914108 -0.07525398582220078 -0.0373176634311676 0.0024326336570084095 -0.03827377036213875 -0.05215652287006378 0.09391110390424728 -0.14349783957004547 -0.1367260366678238 0.08928045630455017 0.004444046411663294 0.03536459431052208 -0.09483948349952698 -0.06309079378843307 0.07151934504508972 -0.05607920140028 0.05729450657963753 -0.016934705898165703 0.10673335939645767 0.1223628893494606 0.02822510339319706 -0.03422649949789047 0.06489716470241547 0.07553362846374512 0.08282431215047836 0.043732672929763794 -0.0035991366021335125 0.02239261567592621 -0.01647607423365116 0.11963634938001633 -0.07527442276477814 -0.058150116354227066 0.07128745317459106 -0.0457790307700634 -0.01561793964356184 0.1116349995136261 0.07335416972637177 0.001379634253680706 0.030812229961156845 0.09615465998649597 -0.08500632643699646 0.051806092262268066 -0.040629200637340546 -0.06333163380622864 0.00733775133267045 -0.019717039540410042 0.007909666746854782 0.06941588222980499 -0.0715247094631195 0.08498996496200562 -0.0735522210597992 -0.09741179645061493 0.09028192609548569 -0.11516766995191574 0.007757866755127907 0.048889078199863434 0.05685631185770035 -0.08669883757829666 0.10552757978439331 0.057374462485313416 -0.068138986825943 0.0024749289732426405 -0.12279198318719864 -0.12363748252391815 -0.05419741943478584 -0.013987967744469643 0.0378246009349823 -0.03823225200176239 -0.024930108338594437 -0.006239517126232386 -0.0713285431265831 0.16889657080173492 0.12289700657129288 0.1818648874759674 -0.021018946543335915 0.030553841963410378 0.11225198954343796 0.14573173224925995 -0.0013153753243386745 0.11571961641311646 0.0006502461619675159 -0.04946969822049141 0.04093863070011139 0.03219899535179138 0.02178954891860485 0.10931210964918137 0.06334449350833893 0.04027000814676285 -0.07014327496290207 -0.04121381416916847 -0.06219096854329109 0.039578355848789215 0.015022141858935356 -0.052480075508356094 -0.023389535024762154 0.017529822885990143 -0.07883603125810623 -0.13246335089206696 -0.08587723970413208 -0.06861702352762222 0.08457884937524796 -0.14557726681232452 -0.11461899429559708 0.0511806383728981 -0.03430451080203056 -0.04374489560723305 -0.10057531297206879 0.07627778500318527 -0.08439695090055466 -0.09036318212747574 0.06538572162389755 0.08959052711725235 -0.07653473317623138 -0.03865371644496918 0.034411102533340454 0.009100072085857391 0.01760244555771351 0.13872665166854858 -0.04160625860095024 0.018174288794398308 0.10370517522096634 0.07033703476190567 0.08871517330408096 -0.036688677966594696 0.058070797473192215 0.06412020325660706 -0.11208613216876984 -0.09888583421707153 0.06377624720335007 -0.02475993148982525 -0.07414615899324417 -0.06815952807664871 -0.05575971305370331 0.02658705599606037 -0.010123486630618572 -0.11158886551856995 0.032817937433719635 0.02701171673834324 0.011755839921534061 -0.14235886931419373 -0.1399623155593872 -0.08519887924194336 -0.04586402326822281 0.03853083774447441 -0.09583055973052979 0.03831883892416954 -0.01764446124434471 0.013675812631845474 0.09172921627759933 0.06592421233654022 0.07181371748447418 -0.07268457114696503 0.11186233907938004 0.011248710565268993 -0.015300764702260494 -0.058175452053546906 0.01214668434113264 -0.03335469216108322 -0.1058012843132019 0.008366799913346767 -0.06303919106721878 0.05616101995110512 -0.11575804650783539 -0.03736766055226326 -0.015879129990935326 -0.0692645013332367 0.06566062569618225 -0.09670669585466385 -0.058823928236961365 0.07772648334503174 0.07757211476564407 0.03760134056210518 -0.09654346853494644 -0.05292719230055809 0.07485240697860718 -0.09762027114629745 0.03128698095679283 -0.05997171998023987 0.04671931639313698 0.06971763074398041 0.04080866277217865 0.10834616422653198 0.05886417627334595 -0.007361110299825668 0.04644361138343811 -0.05216272920370102 -0.0898982435464859 0.027230823412537575 0.014398189261555672 0.07367785274982452 0.09022647887468338 -0.002662533661350608 -0.06629545986652374 0.06580836325883865 -0.037566762417554855 -0.11265716701745987 -0.11101020127534866 -0.13291282951831818 0.10727226734161377 -0.021326478570699692 -0.2121347337961197 -0.09140501171350479 -0.09754129499197006 -0.06055803596973419 0.025287648662924767 -0.08831541240215302 -0.0851815789937973 -0.06576475501060486 -0.08647015690803528 -0.14179281890392303 -0.07282979041337967 -0.13546544313430786 -0.005411445163190365 -0.06627769023180008 -0.10321229696273804 0.06220036372542381 -0.00608690595254302 -0.045447543263435364 -0.04118767008185387 0.007593808230012655 -0.0007414019200950861 -0.04146193712949753 0.013789750635623932 -0.01454287301748991 -0.08752471208572388 -0.09207024425268173 0.004132063593715429 -0.0709676742553711 -0.0006028088973835111 -0.0904712826013565 -0.07730680704116821 -0.10009665042161942 0.05013122037053108 -0.030671391636133194 0.053872428834438324 -0.0024330918677151203 -0.0922207310795784 0.1052403524518013 -0.05703684315085411 -0.023276662454009056 -0.04002836346626282 0.04979343339800835 -0.04419274628162384 0.05744220316410065 -0.016895543783903122 -0.009756503626704216 0.09414228796958923 0.10322709381580353 0.08773523569107056 -0.0780973881483078 -0.025840463116765022 -0.08412331342697144 -0.07990296930074692 -0.07362276315689087 0.047324199229478836 -0.07466698437929153 0.13474607467651367 0.08876117318868637 0.11952665448188782 0.11429702490568161 -0.01165569294244051 0.0818123072385788 0.07524605840444565 0.2124663144350052 -0.047689538449048996 0.10361982882022858 -0.07387717813253403 -0.020050501450896263 0.05317234247922897 0.07788112014532089 0.030420998111367226 0.01945197395980358 -0.014724340289831161 -0.026163501664996147 0.1389264315366745 0.09642808884382248 0.021178370341658592 0.06391848623752594 -0.10392086207866669 -0.058534882962703705 -0.028353702276945114 0.00037607396370731294 -0.03510236740112305 -0.04718649387359619 0.11478183418512344 -0.01406625285744667 -0.09840724617242813 0.048656828701496124 0.01800720952451229 0.07322873175144196 0.05340813845396042 0.07869227975606918 -0.03756712004542351 -0.022954309359192848 -0.043287500739097595 -0.10341279953718185 0.057363107800483704 -0.03622404485940933 -0.05258527770638466 -0.05021585151553154 0.10537084937095642 -0.10764455795288086 0.06989046186208725 0.050291307270526886 0.0004520200309343636 -0.024147694930434227 0.004520916845649481 -0.06013784185051918 0.011798937804996967 0.049451135098934174 0.028573449701070786 0.043758075684309006 -0.05103603005409241 -0.07051102072000504 -0.04363751783967018 0.08784963935613632 0.043959058821201324 -0.05163484066724777 -0.08336798846721649 0.04800019785761833 -0.016696734353899956 -0.0762944221496582 0.1139538586139679 -0.0708480179309845 -0.016753558069467545 0.04355800524353981 -0.0372346006333828 0.12267550826072693 0.00313823064789176 -0.01359646301716566 -0.0454307422041893 -0.1187066063284874 0.10968026518821716 0.09430381655693054 0.1114298477768898 0.0785071924328804 0.06839200854301453 0.06248282268643379 -0.0803375095129013 0.03318146988749504 0.031813886016607285 -0.08475431054830551 0.0382111482322216 -0.03287807106971741 0.07164179533720016 0.0359170101583004 -0.026786034926772118 0.05282893404364586 -0.003017792012542486 0.013401862233877182 0.005108492448925972 0.09823492169380188 0.013810931704938412 -0.025086360052227974 0.05561793968081474 0.013757784850895405 0.005907033570110798 -0.04191742464900017 -0.08926190435886383 0.003219014033675194 -0.028147287666797638 0.025213154032826424 0.02493749000132084 0.12070464342832565 -0.01666889153420925 0.03434242308139801 -0.0819864273071289 0.021754425019025803 -0.08085188269615173 -0.08618025481700897 0.07615706324577332 -0.015276453457772732 -0.10363058745861053 0.0023935928475111723 -0.015131788328289986 0.07011816650629044 -0.08822126686573029 0.09419166296720505 -0.014718166552484035 -0.10152292251586914 -0.11566687375307083 0.0874105840921402 -0.005531138740479946 0.04784145951271057 -0.024424221366643906 0.016135599464178085 0.1256270855665207 0.12331205606460571 -0.06869455426931381 0.1312120109796524 -0.05868802219629288 -0.17039699852466583 -0.14546383917331696 -0.1114848405122757 0.00966525450348854 0.09226235747337341 -0.11373799294233322 0.005081851035356522 -0.038266394287347794 0.02634011209011078 -0.044555485248565674 0.0607127770781517 -0.05973871797323227 0.08705180138349533 0.0957242026925087 0.135056272149086 -0.020170681178569794 0.035782333463430405 0.07052505761384964 -0.08981098234653473 -0.03879113495349884 -0.03265304118394852 0.0034449135418981314 0.09668388962745667 0.023388696834445 0.013496053405106068 0.11784203350543976 0.029354682192206383 0.12108487635850906 -0.04548831656575203 -0.007318549789488316 0.11577462404966354 -0.021433692425489426 -0.08618415147066116 0.05919076129794121 -0.08018185943365097 0.04492468014359474 0.09483601897954941 0.05804365500807762 0.09363725781440735 -0.07712031900882721 0.09856515377759933 0.04357147961854935 0.04759974777698517 0.06893827766180038 0.06426480412483215 -0.008398928679525852 -0.02012033946812153 -0.0723138228058815 0.046732332557439804 -0.007040364667773247 0.11092673987150192 0.11227761954069138 0.08416859805583954 0.08592227101325989 0.07514691352844238 0.012156211771070957 0.056902527809143066 -0.02479451522231102 -0.010187521576881409 -0.06096501275897026 -0.05458992347121239 0.07937810570001602 -0.07268091291189194 0.14976347982883453 0.045705799013376236 -0.0025965592358261347 -0.11293002218008041 -0.18749798834323883 -0.05778059363365173 -0.04934213310480118 -0.08377349376678467 -0.13740608096122742 0.07105399668216705 -0.1007099524140358 0.07606469839811325 -0.09093121439218521 0.08087877184152603 0.07122751325368881 0.12211614847183228 0.08777671307325363 0.029077287763357162 0.08987875282764435 0.10210642218589783 0.09970252215862274 -0.07259789109230042 0.05400097742676735 -0.0958036258816719 0.051415860652923584 0.09807994961738586 0.06721591204404831 0.0946473628282547 0.05183222517371178 -0.09976297616958618 0.055096033960580826 0.032704249024391174 0.06872787326574326 0.10724429041147232 0.07809429615736008 -0.08554764837026596 -0.10056529194116592 0.06792771071195602 -0.10961469262838364 0.09915024787187576 -0.030306294560432434 0.029592057690024376 0.07067816704511642 0.08849542587995529 -0.00984602514654398 0.09084399044513702 -0.05707208812236786 -0.06799386441707611 -0.07225874066352844 0.03997644782066345 -0.12153460830450058 0.02827761135995388 -0.09529653936624527 0.06532908231019974 -0.06882569938898087 0.015034772455692291 -0.020190885290503502 0.0544874370098114 -0.10682252049446106 0.042225826531648636 -0.015814946964383125 -0.1054314598441124 -0.06022647023200989 -0.013333010487258434 0.06279598921537399 0.1751711368560791 0.1475377380847931 0.19236192107200623 0.10735136270523071 0.08821883797645569 -0.10131426900625229 0.06204993277788162 0.12304973602294922 -0.0075687021017074585 0.10471656173467636 0.0842370018362999 -0.026522759348154068 -0.040263157337903976 0.018619829788804054 0.015867847949266434 -0.06439114362001419 0.08644964545965195 -0.07788068056106567 -0.07561565190553665 -0.07175097614526749 -0.030469508841633797 -0.0714854821562767 0.04613552242517471 -0.07747527211904526 -0.06038763374090195 -0.039712779223918915 -0.0314449816942215 0.08906545490026474 0.009784244000911713 -0.1118125170469284 -0.12379699945449829 0.06005685031414032 -0.04644017666578293 0.07549270242452621 0.11474870890378952 -0.003416936146095395 0.12322408705949783 0.03218299150466919 0.003913879860192537 -0.027383726090192795 0.08960680663585663 -0.11483802646398544 -0.03481902927160263 0.11083026975393295 -0.07755754142999649 0.11245901882648468 0.19029904901981354 0.01975497230887413 0.04354081302881241 0.012893280945718288 -0.004864958580583334 0.0607404001057148 -0.051417674869298935 0.07850576192140579 -0.07982788234949112 0.14863498508930206 0.054278984665870667 -0.01594201847910881 0.042896222323179245 0.1272754967212677 -0.02946775034070015 -0.09260949492454529 -0.034037426114082336 0.07852569967508316 0.15292881429195404 0.0771448090672493 0.08732879906892776 0.06593584269285202 0.1063004583120346 -0.05453229323029518 -0.12226524204015732 -0.06702835112810135 -0.047367826104164124 0.06586750596761703 0.06189105287194252 -0.07363826781511307 0.045245613902807236 0.08619250357151031 -0.09136653691530228 0.08176230639219284 0.05178463086485863 -0.11154959350824356 -0.047402288764715195 0.04873098433017731 -0.07214472442865372 0.00839353445917368 0.07988259196281433 0.05088662728667259 0.08929971605539322 -0.030420059338212013 0.04625285416841507 -0.09743770956993103 -0.033641308546066284 -0.026836588978767395 -0.03243156895041466 -0.09234704077243805 -0.09002735465765 -0.03470298647880554 -0.01818101294338703 -0.11754647642374039 0.06388184428215027 -0.04455766826868057 0.04768634960055351 0.021340329200029373 -0.005259794183075428 -0.16107791662216187 -0.019457727670669556 -0.007079488597810268 0.09545186161994934 0.013351340778172016 -0.020437175408005714 -0.11692552268505096 0.07451019436120987 0.03726334497332573 -0.02854793518781662 0.08879867196083069 -0.033141832798719406 -0.0607265867292881 0.11927765607833862 0.1264929324388504 -0.0735020786523819 -0.08160168677568436 0.040978290140628815 0.07359182089567184 0.07531742006540298 0.06885229796171188 0.16419145464897156 0.045021239668130875 -0.00481421360746026 -0.17546360194683075 -0.18510235846042633 -0.20725961029529572 -0.19777660071849823 -0.07351282984018326 -0.06259015947580338 -0.18860933184623718 -0.07610335201025009 -0.0936860591173172 -0.04328126832842827 -0.08973357081413269 0.011882323771715164 -0.1683252453804016 -0.1329149305820465 0.03885798156261444 -0.11577112227678299 -0.012828447856009007 -0.13933850824832916 0.024039408192038536 -0.06234918534755707 -0.11779782176017761 -0.08498328924179077 -0.0599922314286232 -0.0722380056977272 -0.11264017969369888 0.05447832867503166 -0.12427233904600143 -0.012001151219010353 -0.08777553588151932 -0.007441251538693905 0.09997761249542236 -0.1090918630361557 -0.088820680975914 0.05533682927489281 -0.048796746879816055 -0.035353075712919235 -0.06542840600013733 0.05346069484949112 0.10158074647188187 -0.04598940908908844 -0.023946959525346756 0.0581318624317646 -0.11640196293592453 0.04210866242647171 -0.05946069583296776 -0.05289609357714653 0.10169989615678787 0.06480623036623001 0.04848187044262886 0.07354135811328888 0.039610303938388824 -0.029849376529455185 -0.03283047676086426 -0.03530100733041763 0.03860738128423691 -0.04839122295379639 0.12250464409589767 0.07419200241565704 0.12584234774112701 -0.07687955349683762 -0.00943163875490427 -0.006437981966882944 0.06102965772151947 0.010311566293239594 0.13211221992969513 0.18333759903907776 -0.049485933035612106 0.15095284581184387 0.12777380645275116 0.03500949591398239 -0.03118222951889038 0.05859439820051193 -0.03144382685422897 -0.03770206496119499 0.007719961926341057 -0.09968595951795578 -0.09631547331809998 -0.0010267100296914577 -0.04121006280183792 0.05838868021965027 -0.04507574439048767 0.06171572208404541 0.09615044295787811 0.07414282858371735 0.039062123745679855 -0.07594142854213715 0.12056096643209457 0.03196823224425316 -0.10522771626710892 0.050821270793676376 -0.03254660964012146 0.008479848504066467 -0.10231659561395645 -0.020020876079797745 0.027779215946793556 -0.00048042848356999457 0.06045344099402428 0.0784890279173851 -0.06998375058174133 -0.06599211692810059 -0.03700805827975273 0.04350249469280243 0.03095376119017601 -0.014548450708389282 -0.06981197744607925 0.11056991666555405 -0.07936511188745499 0.08779722452163696 -0.014329127036035061 -0.10118529945611954 0.102789968252182 -0.05202515795826912 0.053613193333148956 0.01703929528594017 -0.09049564599990845 -0.08012290298938751 -0.06286884099245071 -0.023458139970898628 -0.05460546538233757 -0.010841857641935349 0.019309358671307564 0.00608338788151741 -0.002688806504011154 -0.13764183223247528 0.025911830365657806 0.0679321438074112 -0.0823901891708374 0.06695873290300369 0.14163178205490112 0.0661088079214096 0.17673003673553467 0.09750866144895554 0.14097660779953003 -0.0371679924428463 -0.05983023717999458 0.06103292852640152 0.12521681189537048 -0.0715588629245758 0.07203085720539093 -0.021648194640874863 0.011607103049755096 0.011932761408388615 0.11712702363729477 0.12246452271938324 0.1079166904091835 0.09127617627382278 0.05050317570567131 -0.05853426456451416 0.0710596814751625 -0.04236352816224098 -0.044562384486198425 0.03716270998120308 -0.047368817031383514 0.07934946566820145 -0.1092919260263443 0.028622930869460106 0.007691151462495327 -0.027179952710866928 0.04200969263911247 0.032751064747571945 -0.0316849909722805 -0.09808257222175598 -0.0764649286866188 0.021525703370571136 -0.046733833849430084 -0.13353893160820007 -0.04966645687818527 0.03873389959335327 -0.05855490267276764 -0.10791510343551636 -0.12043866515159607 0.05031796544790268 -0.0986238643527031 -0.05241484194993973 -0.05911678448319435 0.04864727333188057 -0.12743690609931946 -0.08860558271408081 0.07515612244606018 0.03397742286324501 0.003298132447525859 0.007779940031468868 0.0205113273113966 -0.13893136382102966 -0.06442218273878098 0.04037192091345787 -0.01781037449836731 0.042701706290245056 0.04338964447379112 0.009948387742042542 -0.0719766914844513 -0.018286973237991333 -0.09755418449640274 0.007685049902647734 -0.09043268114328384 0.010242567397654057 0.10658182203769684 -0.04405965656042099 -0.11156506836414337 -0.03947313129901886 -0.10542146861553192 0.07225669175386429 0.027138972654938698 -0.03559374436736107 -0.11511210352182388 0.06387264281511307 -0.0015651363646611571 0.06816758215427399 0.06103666499257088 0.02414489910006523 0.11435514688491821 -0.03368683531880379 -0.09318932890892029 0.0026538691017776728 0.024953924119472504 0.020450925454497337 0.0004686035099439323 -0.04864999279379845 -0.10345008969306946 0.08740737289190292 -0.0051165493205189705 -0.01264281664043665 0.06765743345022202 0.014662381261587143 0.055071666836738586 -0.000119997319416143 -0.056238412857055664 0.10953167825937271 0.02001664973795414 -0.052993107587099075 -0.04728739336133003 0.0387924388051033 0.09044919908046722 0.055768705904483795 0.07738611102104187 -0.0015814709477126598 -0.07838540524244308 -0.03401577100157738 -0.09499172121286392 -0.016409220173954964 0.09366200119256973 -0.027086904272437096 -0.05027194693684578 0.07780454307794571 0.05060963332653046 0.0711466446518898 0.0369805246591568 -0.04564177244901657 -0.07338889688253403 0.02710283361375332 0.1416412740945816 0.02921447716653347 0.1702994853258133 -0.05200004577636719 0.03288082405924797 0.026391906663775444 -0.06604085862636566 -0.008994708769023418 -0.03092130459845066 0.008317199535667896 -0.07894015312194824 -0.028898099437355995 -0.09576951712369919 0.018890300765633583 -0.024698272347450256 0.11220190674066544 0.0591251365840435 -0.08169875293970108 0.0848797857761383 -0.08615235984325409 -0.06377659738063812 -0.11010376363992691 0.058610234409570694 -0.055409058928489685 -0.11078313738107681 0.07400055974721909 0.0716768279671669 0.007840036414563656 0.03379096835851669 -0.036433883011341095 0.004931170493364334 0.016501817852258682 0.12411915510892868 -0.07812444865703583 -0.022311387583613396 0.07174313813447952 0.0114140585064888 0.1205592155456543 0.11640136688947678 0.09502549469470978 0.06865754723548889 0.09041054546833038 -0.054843369871377945 -0.013075449503958225 -0.06641297787427902 -0.05581117421388626 -0.09148916602134705 0.044968683272600174 -0.06277374923229218 -0.08659352362155914 -0.07088115066289902 -0.11228768527507782 0.10670223832130432 0.016454169526696205 -0.07536318898200989 -0.058978427201509476 0.028855955228209496 0.07419046759605408 0.0769057422876358 0.05994241312146187 0.10567349940538406 -0.04360450059175491 -0.09009895473718643 -0.11894826591014862 -0.030075227841734886 -0.0503251776099205 0.06616582721471786 -0.0392194539308548 -0.1174393817782402 -0.1695537269115448 0.03741426393389702 -0.10506434738636017 -0.0964803695678711 0.0576830729842186 -0.005400937050580978 0.07229910790920258 -0.10016470402479172 0.12550698220729828 -0.020230291411280632 0.1176658496260643 0.11196526139974594 -0.09067194908857346 0.051767170429229736 0.12012380361557007 0.07110019028186798 0.05730440840125084 -0.006048773415386677 0.09794499725103378 0.010990984737873077 -0.05802656710147858 -0.05489164590835571 -0.06277620792388916 0.02662229910492897 -0.0353664830327034 0.13565398752689362 0.07797026634216309 0.03765667974948883 0.1447863131761551 0.15122352540493011 -0.06928110867738724 -0.03203226625919342 -0.06910301744937897 -0.10974180698394775 0.025977564975619316 0.1253204494714737 0.0256082471460104 0.02364114299416542 -0.03538496419787407 0.03769687935709953 -0.06745070219039917 0.0280538871884346 -0.007657186593860388 -0.028322968631982803 0.015564448200166225 -0.09061179310083389 -0.04367198050022125 0.07821588218212128 -0.10701769590377808 0.09111542254686356 0.015478940680623055 0.0004267433541826904 0.09971529990434647 0.11913798004388809 -0.01087968796491623 0.07943978160619736 -0.02243591845035553 -0.06786470860242844 -0.059773948043584824 -0.1129225492477417 -0.10977926850318909 -0.02422105148434639 -0.04415568336844444 0.05368804559111595 0.04994111508131027 -0.0503116138279438 0.0011821634834632277 0.1282203048467636 0.021976515650749207 0.07805831730365753 0.04550118371844292 0.07191605120897293 0.0854174941778183 -0.050868190824985504 0.10085533559322357 0.12970255315303802 0.13350285589694977 0.08539432287216187 0.08130412548780441 0.03309712931513786 0.04392309859395027 -0.1111437976360321 0.10797788202762604 0.06806068867444992 0.07242836058139801 -0.11331313103437424 -0.012699492275714874 -0.04501722380518913 0.05287591740489006 -0.07571464031934738 0.08075910061597824 0.07110495120286942 0.08468751609325409 -0.08898941427469254 -0.03490712493658066 0.016390273347496986 -0.05165634676814079 0.0928184911608696 -0.05036332830786705 -0.05987695977091789 0.09716774523258209 0.0736098513007164 -0.04381976276636124 0.004021633882075548 0.0726838931441307 0.04786553978919983 0.10701224207878113 -0.08795809000730515 -0.0576610267162323 0.030156897380948067 -0.05101507157087326 -0.013821500353515148 -0.10455607622861862 0.011842023581266403 -0.04230658710002899 0.007955579087138176 0.03826602175831795 -0.03441197797656059 -0.11802002787590027 -0.02889566868543625 -0.06774911284446716 -0.013882576487958431 0.11688704043626785 0.05697498098015785 0.12539322674274445 -0.13432331383228302 -0.07738123089075089 -0.04931265488266945 0.09493808448314667 0.046100109815597534 0.07604633271694183 0.11195851862430573 -0.045191843062639236 0.0844578966498375 0.11385508626699448 -0.09382931888103485 -0.03294006362557411 0.02211691066622734 -0.10178188234567642 -0.06559184938669205 0.00859273225069046 0.0500885471701622 0.07288722693920135 -0.06506640464067459 -0.08998354524374008 -0.04022165760397911 -0.0635014995932579 0.01457507349550724 0.02064937725663185 -0.09771710634231567 -0.029949475079774857 0.003938591107726097 0.08784209936857224 -0.0735929012298584 -0.11369021236896515 0.08293718099594116 0.001212247065268457 0.05528751015663147 -0.10728389024734497 0.09781811386346817 0.06967668235301971 0.07606632262468338 -0.01585432142019272 0.11391753703355789 0.12247955054044724 0.08234363794326782 0.08655901998281479 -0.0252746120095253 0.11772211641073227 0.05219484865665436 -0.07408313453197479 0.042711999267339706 -0.11339148133993149 -0.11026965826749802 -0.0741671621799469 0.033484481275081635 -0.013072400353848934 -0.0005350845167413354 -0.09150068461894989 -0.07293669879436493 0.03036251664161682 -0.025515688583254814 0.0772925615310669 -0.03638419881463051 0.016404880210757256 0.06720209121704102 -0.0675617903470993 -0.06184650957584381 0.028365539386868477 0.011492269113659859 -0.02428513951599598 0.023458730429410934 -0.014177236706018448 -0.2933945059776306 -0.1957206130027771 -0.282203733921051 -0.18580684065818787 -0.15511713922023773 -0.059069011360406876 -0.1843017339706421 -0.13369187712669373 -0.19809862971305847 -0.024284716695547104 -0.008719383738934994 0.005012841895222664 -0.09336316585540771 0.0022751744836568832 -0.15682241320610046 -0.03650815412402153 -0.04987344890832901 -0.04650314152240753 -0.025468051433563232 0.003916097804903984 -0.028952982276678085 -0.0661456286907196 0.005302682518959045 -0.11015564948320389 -0.08197174966335297 -0.1103329211473465 0.03583173826336861 -0.04380987212061882 -0.016118336468935013 0.06398259848356247 -0.023026783019304276 0.03992201015353203 0.10638438165187836 -0.009450526908040047 -0.0630231574177742 -0.05157593637704849 0.09836480021476746 0.04435594379901886 -0.06587591767311096 0.06659532338380814 0.09668958932161331 -0.05636577680706978 0.04634775221347809 -0.03276931121945381 -0.0801817774772644 0.09183412045240402 0.07000623643398285 -0.0599835105240345 0.03675665706396103 -0.021489553153514862 0.0899321585893631 0.03374308720231056 0.05065697431564331 0.017540883272886276 -0.05472268536686897 0.05278065800666809 0.12902018427848816 -0.008927044458687305 0.046882979571819305 0.12386853247880936 -0.08019678294658661 -0.06865816563367844 -0.03510398417711258 0.17076937854290009 0.004799634218215942 0.07932964712381363 0.10082043707370758 0.030981838703155518 0.020736541599035263 0.1555560827255249 0.05700550228357315 0.06357596069574356 0.044262975454330444 0.018077680841088295 0.1186889186501503 0.010247867554426193 0.051077257841825485 0.004928552079945803 -0.0061707161366939545 0.01127401553094387 -0.03763062134385109 -0.011379974894225597 0.03275561332702637 0.06013884022831917 -0.02197505347430706 -0.04483289644122124 -0.09614171087741852 -0.10819164663553238 0.08878327906131744 0.015125608071684837 0.10998731106519699 -0.10189298540353775 0.004922440741211176 -0.07841963320970535 0.048173435032367706 0.015671733766794205 -0.08466925472021103 -0.12174982577562332 0.032645028084516525 -0.12893030047416687 0.0048513151705265045 -0.1426415592432022 0.05184466019272804 -0.1091853454709053 -0.05816338583827019 -0.07474836707115173 -0.00029714874108321965 0.06383237987756729 -0.07461058348417282 0.003775088582187891 0.013043242506682873 0.1277318000793457 0.0068051498383283615 -0.09887189418077469 -0.09230685979127884 -0.07860217243432999 -0.03889140486717224 -0.0545613095164299 -0.027317404747009277 -0.1425144225358963 0.10474785417318344 0.09901206195354462 0.02685868740081787 0.030961738899350166 0.05542578920722008 -0.031848397105932236 -0.05348089709877968
b1 32
-0.2737518548965454 0.013398376293480396 0.1685713827610016 -0.03741704300045967 0.24590934813022614 0.13602496683597565 -0.020621387287974358 0.12267293781042099 -0.12540017068386078 -0.04232097044587135 -0.13888245820999146 -0.03649960830807686 -0.051432494074106216 -0.17512187361717224 0.044663526117801666 0.1313992589712143 -0.0418153814971447 -0.02848607301712036 -0.01701146550476551 -0.04651978984475136 -0.08067414164543152 0.12223783880472183 -0.15267440676689148 -0.09219975769519806 -0.09186261892318726 0.21464329957962036 0.026012783870100975 0.23745855689048767 -0.14943714439868927 0.11694713681936264 0.10433327406644821 0.04174762964248657
W2 1024
0.020469484850764275 0.006992486771196127 -0.004126451909542084 -0.003582271747291088 -0.0035241630394011736 -0.004354630596935749 0.12129394710063934 0.02770782820880413 -0.002182859694585204 -0.000439236726379022 -0.01791411079466343 0.05341194570064545 -0.02116290293633938 0.03105306066572666 0.06582994014024734 0.055152397602796555 -0.022150080651044846 -0.00820042472332716 -0.012482177466154099 -0.0036555046681314707 -0.012931233271956444 -0.01046160701662302 -0.09396456927061081 -4.4217162212589756e-05 -0.004637535195797682 -0.005041228141635656 0.02237006649374962 -0.0028653438203036785 -0.010677105747163296 -0.041811782866716385 -0.1338251382112503 -0.050642289221286774 0.11340534687042236 0.08087523281574249 -0.08090504258871078 0.0043538338504731655 -0.07836508005857468 0.12795096635818481 -0.11657482385635376 -0.1399216502904892 0.0310868788510561 -0.016815388575196266 -0.058953657746315 0.11365533620119095 -0.010938761755824089 -0.16356118023395538 -0.11487214267253876 0.004999322351068258 0.10381979495286942 0.14312204718589783 0.011288276873528957 -0.07637757062911987 0.06231260299682617 -0.2014060616493225 0.017408614978194237 0.09730109572410583 -0.05963382124900818 -0.07184779644012451 0.021715929731726646 0.008425192907452583 0.09863102436065674 -0.04903314635157585 0.0859103798866272 -0.020686591044068336 0.13700728118419647 0.017009075731039047 -0.018805619329214096 -0.08086477965116501 0.08183880150318146 -0.049268875271081924 0.11049937456846237 0.041365183889865875 0.1350971758365631 0.07699054479598999 0.03841018304228783 0.15529997646808624 0.07266881316900253 0.007111399434506893 0.1106087937951088 0.06341353803873062 -0.022138122469186783 -0.15597450733184814 -0.16910384595394135 0.041339997202157974 -0.14884500205516815 -0.007930445484817028 0.027792278677225113 0.13112317025661469 -0.027484066784381866 0.02677193470299244 0.07429865002632141 0.018899306654930115 -0.13074366748332977 -0.05983136221766472 0.08217087388038635 -0.033081501722335815 -0.1351371556520462 0.144517183303833 0.1454838514328003 0.0253034345805645 -0.03514827415347099 -0.10571704804897308 0.013854257762432098 -0.02447785995900631 0.02232946641743183 -0.03445112332701683 -0.18563002347946167 -0.03797324746847153 0.03107176162302494 -0.07350501418113708 -0.060626257210969925 0.06856344640254974 0.048176832497119904 0.07710089534521103 0.09263290464878082 0.02622825838625431 -0.21320338547229767 0.12746579945087433 0.07220207899808884 0.03560103476047516 0.04431859403848648 0.08824867010116577 0.040882185101509094 0.1291261613368988 -0.1326141059398651 0.13340163230895996 0.09425537288188934 -0.15127652883529663 -0.0017195363761857152 0.010010190308094025 0.15083347260951996 0.012988933362066746 0.07018838822841644 -0.08236866444349289 -0.017484420910477638 -0.12147455662488937 -0.06275594234466553 -0.057491280138492584 0.0949733778834343 -0.03848789632320404 -0.0317620113492012 0.0077936165034770966 -0.019477421417832375 -0.045043330639600754 -0.09235196560621262 -0.04219727963209152 -0.1632472574710846 0.13565142452716827 -0.14361828565597534 0.1095772460103035 -0.0031068811658769846 -0.13553790748119354 0.10895399749279022 0.0922839343547821 -0.01882229745388031 0.005911561660468578 -0.14774465560913086 0.06708452105522156 -0.083143450319767 -0.12889498472213745 -0.07227066904306412 -0.013296996243298054 0.001638085232116282 0.16341698169708252 -0.02663545310497284 -0.09730323404073715 0.15490563213825226 -0.18837875127792358 0.10488913208246231 0.019626686349511147 -0.23432296514511108 -0.14319460093975067 -0.01691051758825779 -0.22533054649829865 0.1434156745672226 -0.09854075312614441 0.04957323148846626 0.024394212290644646 0.017065169289708138 -0.1180671900510788 0.1403828114271164 -0.09347433596849442 0.003967533819377422 -0.08300527185201645 0.039148081094026566 -0.07529670000076294 0.11048412322998047 0.14145614206790924 -0.056764423847198486 -0.09849131852388382 -0.18036362528800964 -0.16643379628658295 -0.07315593212842941 0.00013549237337429076 0.08452747017145157 -0.1006024181842804 0.04186267778277397 -0.10056612640619278 0.0652204379439354 -0.07496999204158783 -0.16469420492649078 -0.0413406603038311 -0.1895715296268463 -0.08442912250757217 0.1017618477344513 -0.08994895964860916 0.041518665850162506 0.10992707312107086 0.12821732461452484 0.17847679555416107 -0.04608039930462837 0.130536749958992 -0.1266978532075882 0.03423583507537842 0.0271777231246233 0.17277492582798004 -0.1194164976477623 -0.011427082121372223 -0.15351587533950806 0.2203751504421234 0.0887359008193016 -0.019986821338534355 -0.157179057598114 0.09111761301755905 0.16759778559207916 0.05210382118821144 0.08500558882951736 0.19022171199321747 0.1651999056339264 0.08595074713230133 0.0009999603498727083 0.21538621187210083 0.04358138144016266 -0.049172185361385345 -0.07987970113754272 -0.13582567870616913 0.09110140055418015 0.02833440527319908 -0.0013913868460804224 0.11941821873188019 0.0891222208738327 0.0961800143122673 0.09630982577800751 0.014290709979832172 0.14446207880973816 -0.11760907620191574 -0.0664166659116745 -0.08062935620546341 -0.1977693885564804 0.1477011740207672 0.10555048286914825 -0.11520213633775711 0.0333847813308239 0.10768189281225204 0.16118761897087097 -0.1568731963634491 0.08161652833223343 -0.03391386196017265 0.0012304404517635703 0.06502480059862137 0.018925905227661133 -0.023770183324813843 -0.04835844039916992 0.0060110329650342464 -0.13890963792800903 0.03627878054976463 -0.0878211110830307 0.07207022607326508 -0.011808330193161964 -0.11457280814647675 -0.011782788671553135 0.0347185879945755 0.0015368083259090781 0.00959314126521349 0.031263574957847595 0.006551869213581085 -0.11371403932571411 0.046546366065740585 0.09080371260643005 -0.01015267800539732 0.012451862916350365 0.025534704327583313 -0.011366819962859154 -0.02453828789293766 -0.00041302325553260744 0.05465099588036537 0.05599284917116165 -0.10718568414449692 0.04254357889294624 -0.0029053555335849524 0.04688169062137604 0.005172619130462408 -0.03375951200723648 0.051076408475637436 0.09050994366407394 0.022792622447013855 0.10037535429000854 0.0064653209410607815 0.030532153323292732 0.037944041192531586 -0.05589652061462402 0.05983502417802811 0.07640435546636581 -0.10855485498905182 -0.08307027816772461 -0.04225631430745125 -0.05484813451766968 -0.021167391911149025 -0.008500327356159687 -0.09005547314882278 -0.012464607134461403 0.0698862224817276 -0.010326202027499676 -0.050300825387239456 0.07043774425983429 -0.06900542229413986 -0.06135544180870056 0.027442114427685738 0.03580242767930031 0.020222676917910576 -0.043243639171123505 0.12280202656984329 -0.0048717535100877285 -0.08972693979740143 0.09776619076728821 -0.08430812507867813 -0.11713352799415588 -0.161035418510437 0.10387637466192245 -0.10660239309072495 0.03451506420969963 0.008763965219259262 -0.04565791040658951 -0.21410436928272247 0.0074327061884105206 -0.037869662046432495 0.09644994139671326 -0.0034151647705584764 -0.09204310178756714 -0.008145613595843315 -0.1421203911304474 0.0713203027844429 0.04147382453083992 -0.05607488006353378 0.09237600117921829 0.03935709223151207 0.0475207194685936 0.11114087700843811 -0.1512090265750885 0.15959861874580383 0.1614910364151001 0.025594405829906464 0.1544588804244995 0.14552274346351624 -0.1501518040895462 -0.017594801262021065 0.11374575644731522 0.0160712581127882 0.054468732327222824 -0.0514567494392395 -0.19590464234352112 0.042465247213840485 -0.0672122985124588 0.008454371243715286 0.09595496207475662 -0.2040587216615677 0.09258274734020233 -0.11732171475887299 -0.13587264716625214 -0.09687231481075287 0.11049407720565796 -0.02910669520497322 -0.013029921799898148 0.12165756523609161 0.03685085475444794 -0.12265854328870773 0.1497870534658432 -0.13592810928821564 -0.03739279881119728 0.19151613116264343 -0.06705370545387268 0.15636412799358368 0.04839736595749855 -0.1788114756345749 -0.14393573999404907 0.13217541575431824 -0.154786616563797 -0.019724402576684952 -0.022062532603740692 -0.1716345101594925 -0.04327023774385452 -0.08106032758951187 0.05307631567120552 -0.147542342543602 0.1325295865535736 0.022082097828388214 -0.09994964301586151 -0.07503899931907654 -0.10434938967227936 -0.03385704755783081 0.023686440661549568 0.0017639201832935214 0.05736846476793289 -0.012180831283330917 0.09630391746759415 0.06120511144399643 -0.11779395490884781 0.15278562903404236 0.12366344779729843 0.08936145156621933 -0.12578536570072174 -0.15537840127944946 0.06516913324594498 0.11308576911687851 -0.16361001133918762 0.17661237716674805 -0.1342288851737976 0.08243649452924728 0.01814960688352585 0.028751878067851067 -0.08403673768043518 -0.13820914924144745 0.08743619918823242 -0.0845167338848114 0.19024544954299927 -0.0904998630285263 -0.06109606474637985 0.1049751564860344 0.07885909080505371 0.008383804000914097 0.07422749698162079 -0.14919985830783844 0.17866560816764832 0.1368929147720337 -0.1299571394920349 -0.060497164726257324 0.19718356430530548 -0.10166115313768387 -0.09746675193309784 -0.1032518744468689 0.043099600821733475 -0.03392336890101433 0.06153736636042595 -0.04063905403017998 -0.13884927332401276 0.06250687688589096 -0.12643763422966003 0.12989434599876404 -0.0511757992208004 0.09876232594251633 0.11305858194828033 -0.11471205949783325 -0.20063617825508118 -0.05212530866265297 0.12716564536094666 -0.08402466028928757 0.22961968183517456 -0.1380496770143509 0.17463582754135132 -0.011269552633166313 -0.11534031480550766 0.030441971495747566 0.16172079741954803 0.1699010580778122 0.15139079093933105 0.09270662814378738 -0.02217676118016243 0.0668870136141777 0.1510566920042038 -0.07257083058357239 0.060339540243148804 0.10012274235486984 0.11042732000350952 -0.06221097335219383 -0.05266333743929863 -0.0058518326841294765 -0.10295915603637695 0.10074038058519363 0.0639989823102951 -0.07051317393779755 0.0042284405790269375 0.0840698853135109 -0.012126722373068333 0.014081456698477268 -0.16343362629413605 -0.03754664584994316 0.00678620208054781 -0.019682548940181732 -0.011572826653718948 0.004357073921710253 0.04856555908918381 0.12605512142181396 -0.03291669860482216 0.13013902306556702 0.07295207679271698 -0.17080911993980408 -0.14712345600128174 -0.08958544582128525 0.12575380504131317 0.054572515189647675 0.21191664040088654 0.08554535359144211 0.009608590044081211 -0.024820750579237938 0.1016855388879776 -0.14670026302337646 0.18085192143917084 -0.09435809403657913 -0.16206404566764832 -0.1583481878042221 0.013326250948011875 0.1944742202758789 -0.28948765993118286 0.1884210705757141 0.04704142361879349 0.1286022812128067 -0.11806657910346985 -0.024373602122068405 0.0251835398375988 0.02242150343954563 0.22870765626430511 0.0025704740546643734 0.05776072293519974 -0.03240428864955902 -0.03912360593676567 0.15576288104057312 -0.11151634901762009 -0.06844527274370193 0.06694319099187851 0.05991404503583908 -0.05597621202468872 -0.12999486923217773 0.17674483358860016 0.20423804223537445 -0.08675649762153625 0.07641518861055374 0.173842191696167 -0.07385238260030746 -0.1139809712767601 0.08107291162014008 0.1481940746307373 0.12186145782470703 -0.0015445614699274302 0.15030771493911743 -0.10249492526054382 0.12295355647802353 -0.04382164403796196 -0.07358306646347046 -0.11728121340274811 0.0689149871468544 -0.06892223656177521 0.03402693569660187 -0.02694176882505417 0.02727121114730835 0.0732860192656517 0.024618415161967278 -0.009903233498334885 -0.038378216326236725 0.0414443165063858 0.07686769962310791 -0.11160489171743393 0.0008161861915141344 0.0036438850220292807 -0.03064010478556156 0.10386298596858978 -0.0604407973587513 0.15571066737174988 0.009459074586629868 -0.06552751362323761 0.05600859597325325 -0.0230370182543993 -0.03586374968290329 -0.08856646716594696 0.02534191496670246 0.03573405370116234 0.13429571688175201 0.009460782632231712 0.034263577312231064 -0.14018666744232178 0.14325647056102753 0.061520084738731384 0.06617546826601028 -0.15284745395183563 0.09778070449829102 -0.2041165679693222 -0.05842556059360504 -0.11556544154882431 0.08070090413093567 -0.19866220653057098 0.03565751388669014 0.11954018473625183 0.12216773629188538 -0.1798955202102661 0.0486636720597744 0.06583500653505325 -0.10356895625591278 0.08663302659988403 0.10986029356718063 -0.17110224068164825 -0.0030354417394846678 -0.0015355248469859362 0.10049208253622055 0.024811603128910065 0.11858221143484116 -0.0005084445001557469 0.1668633371591568 0.05540592595934868 -0.14291469752788544 -0.14505496621131897 -0.1170785054564476 0.03549910709261894 0.0866258516907692 0.11532016098499298 0.11617669463157654 0.03017141856253147 0.1169271469116211 -0.0760476291179657 -0.008537386544048786 -0.21037700772285461 0.012086182832717896 0.12203016877174377 -0.04832098260521889 0.11803892254829407 -0.04530230537056923 0.10326548665761948 0.0514056421816349 -0.11501695960760117 0.027393905445933342 0.06795346736907959 0.15442858636379242 -0.011458620429039001 -0.005828539840877056 -0.11899945884943008 0.03743818402290344 0.13492785394191742 0.04662993922829628 0.027083437889814377 0.04391741380095482 0.10443427413702011 -0.03047258034348488 -0.03668544441461563 -0.05045461282134056 0.008359272964298725 -0.04521505534648895 -0.010533700697124004 -0.021125860512256622 -0.02779304049909115 0.06268535554409027 -0.17193210124969482 0.10120712965726852 0.03675128519535065 -0.10522027313709259 -0.13255779445171356 0.12254342436790466 -0.020519983023405075 0.1822674721479416 0.09961946308612823 -0.09976354986429214 -0.11365915089845657 -0.0369141586124897 -0.1799587458372116 -0.02995832823216915 -0.1119195893406868 0.1508377194404602 0.02217124216258526 0.04829469695687294 0.058834969997406006 -0.015064865350723267 -0.05667988210916519 0.07981503009796143 -0.01170903816819191 -0.14386668801307678 -0.12645301222801208 -0.03704645484685898 0.0765053927898407 0.07361229509115219 0.19426923990249634 -0.07789358496665955 -0.06138830631971359 0.05990828573703766 -0.17487797141075134 0.048427145928144455 -0.06465284526348114 -0.007124465890228748 0.20794478058815002 -0.13774943351745605 -0.08673284947872162 0.01742899976670742 -0.13953398168087006 0.056873779743909836 0.14063820242881775 -0.010451155714690685 -0.17883217334747314 -0.12438970804214478 -0.03272993862628937 -0.15007780492305756 -0.09054874628782272 0.07018428295850754 -0.04709702730178833 0.09291981160640717 0.09746774286031723 -0.1597912609577179 0.0819324478507042 -0.07287602126598358 -0.16315603256225586 -0.07742099463939667 -0.1435318887233734 -0.10624181479215622 -0.32912465929985046 -0.15618787705898285 0.19265520572662354 -0.14283229410648346 -0.07001142203807831 -0.045158836990594864 0.11091149598360062 0.010117104277014732 0.09880517423152924 0.03564564138650894 0.012142608873546124 -0.10909981280565262 -0.040641847997903824 -0.08746302127838135 -0.15003082156181335 -0.08804182708263397 -0.050231173634529114 0.04797152429819107 -0.1651015281677246 0.12510420382022858 0.11756788194179535 -0.2466139942407608 0.07804996520280838 -0.22202233970165253 0.08105501532554626 0.008579951710999012 -0.12774144113063812 0.2063741832971573 0.0934910997748375 -0.033070411533117294 0.16452594101428986 -0.017665117979049683 0.12676358222961426 0.02372797206044197 0.10732149332761765 0.0380232036113739 0.011671357788145542 -0.07395673543214798 -0.03315819427371025 -0.1189853698015213 -0.18474413454532623 -0.17835824191570282 0.11353806406259537 -0.02751663699746132 -0.09453606605529785 0.17194758355617523 -0.16562625765800476 0.03605814650654793 -0.10252583026885986 -0.0859917402267456 0.08500103652477264 -0.0689975842833519 0.023043692111968994 -0.13095755875110626 0.12397507578134537 0.060259412974119186 0.1668156385421753 -0.10053234547376633 -0.10321369022130966 0.035618193447589874 -0.1112024262547493 0.13578905165195465 -0.14319093525409698 -0.10079928487539291 -0.2683907449245453 -0.020658418536186218 0.08550979942083359 -0.057836923748254776 0.08135123550891876 0.059168994426727295 0.050439633429050446 0.0812399834394455 0.03242074325680733 0.1522544026374817 -0.18620483577251434 -0.13365675508975983 0.18014389276504517 0.1626501828432083 -0.09851957857608795 -0.04296604543924332 -0.0035277039278298616 0.10303918272256851 -0.19612598419189453 0.04434909671545029 0.18635591864585876 -0.10460497438907623 0.0371125191450119 -0.1958664208650589 0.1373155266046524 0.06970589607954025 -0.13778196275234222 0.04404580220580101 -0.2533613443374634 0.10562912374734879 0.008827862329781055 -0.17612674832344055 -0.21904142200946808 0.04008735343813896 0.023836474865674973 0.06155885383486748 -0.03640603646636009 0.11251640319824219 0.2360817939043045 -0.013780957087874413 0.08266586065292358 0.1959558129310608 -0.06429895758628845 0.05748485401272774 -0.117877297103405 0.11143738031387329 -0.22176173329353333 -0.14397285878658295 0.02179245837032795 -0.00415763258934021 -0.15312731266021729 0.16226135194301605 -0.13156192004680634 -0.18758447468280792 0.08620242774486542 -0.12531059980392456 0.01139750424772501 -0.07506771385669708 -0.008785119280219078 0.10043565183877945 0.03819355368614197 -0.07663875818252563 -0.056270770728588104 -0.011438557878136635 0.021306132897734642 -0.07325650751590729 0.1559736132621765 0.0006455836119130254 0.15831828117370605 -0.059154678136110306 0.023568451404571533 -0.011706680990755558 0.0949564129114151 0.0779767856001854 0.11395657062530518 -0.05433017387986183 0.035812750458717346 0.08543355017900467 0.019829941913485527 -0.0014164866879582405 0.03537071868777275 0.04718606919050217 -0.07141917198896408 0.10142343491315842 0.006263554561883211 -0.15110580623149872 0.1540365219116211 -0.07749338448047638 -0.02558702416718006 -0.018161889165639877 0.06155029684305191 -0.029798178002238274 -0.05339450016617775 -0.0873594582080841 -0.20397940278053284 0.06425647437572479 -0.1402343362569809 -0.03215393051505089 0.053481437265872955 -0.04057867079973221 0.21489877998828888 0.12677553296089172 0.061422593891620636 -0.002366904402151704 -0.015888752415776253 0.07372176647186279 -0.1330549716949463 0.019088758155703545 -0.05990450829267502 0.10053414106369019 -0.185501828789711 -0.061166416853666306 -0.04457228630781174 0.18669068813323975 -0.03979961574077606 0.1648654341697693 -0.110549695789814 0.018415499478578568 -0.1481969952583313 0.015784939751029015 0.05172624811530113 -0.1214899867773056 -0.1337997317314148 -0.027202963829040527 -0.00042282548383809626 -0.005812849383801222 -0.012357897125184536 -0.0051970831118524075 -0.009686312638223171 -0.01008651964366436 -0.0008573326631449163 -0.004648496862500906 -0.0004988132859580219 -4.575844478719655e-24 -0.0003230177389923483 0.00034993793815374374 -0.001018804730847478 -0.005061059258878231 0.00011427079880377278 -5.433958349954082e-08 -0.000403410114813596 -0.008667036890983582 -0.009911083616316319 -0.000539988512173295 -0.00914445798844099 -0.0049513704143464565 -5.01454542245483e-06 -0.0014523108256980777 -0.00431526405736804 -0.0001884475932456553 0.0007117008790373802 -0.013657446019351482 -0.005726216826587915 -0.006747500039637089 -0.0007034731679596007 0.0008305200026370585 -2.559785853464497e-20 -0.00027817406225949526 -4.886735951004084e-06 1.799780688523621e-14 -5.021083511918853e-18 -3.740414103958756e-05 -2.06790922163691e-08 -7.969561721665741e-08 -3.819076027866686e-06 -7.39120854777579e-21 -1.0402461612102343e-06 -4.616636136350464e-19 1.4357275341267734e-20 -0.00015198539767879993 3.969185779657356e-20 -8.649704073051268e-21 -3.333588392706588e-05 -9.13339954422554e-06 -3.410011231608223e-06 -8.078453406440769e-14 -0.0012345482828095555 -4.901866122963838e-05 -5.671887633631466e-20 -4.2089223484254035e-07 -0.00013323745224624872 -1.5502271821787872e-07 3.4020969242025693e-19 -2.1757592548965476e-05 -0.00034276844235137105 -2.6262030132784275e-06 -1.1178463868079064e-20 -1.8133897583538783e-06 -0.14473176002502441 0.20361053943634033 -0.012390503659844398 0.11030026525259018 -0.12060998380184174 -0.1776328682899475 -0.09998616576194763 0.026634087786078453 0.037248674780130386 -0.008934459649026394 0.022035444155335426 0.00035281680175103247 0.014472329057753086 0.04178591072559357 0.10282813757658005 0.04549683630466461 -0.042061373591423035 -0.07240287214517593 -0.15692871809005737 -0.05451709032058716 0.22934822738170624 0.07136785238981247 -0.19041670858860016 0.15187013149261475 0.1759166568517685 0.09825529903173447 -0.14357668161392212 -0.12542130053043365 0.09895360469818115 0.09741217643022537 -0.026983756572008133 0.03610891476273537 0.10752351582050323 0.08622392266988754 0.11720316857099533 -0.025300433859229088 -0.009144008159637451 0.023780664429068565 0.0962643101811409 0.036351315677165985 -0.03799884766340256 0.0033171363174915314 -0.05689715966582298 0.14878010749816895 0.033486586064100266 -0.15780508518218994 -0.11174291372299194 0.10534332692623138 0.013953031972050667 -0.14156578481197357 0.18459177017211914 0.005765002686530352 -0.09687461704015732 -0.15556034445762634 -0.11821655929088593 0.006559472065418959 -0.06569509953260422 -0.015384669415652752 -0.11249012500047684 -0.09125261753797531 0.01691446639597416 0.007957082241773605 0.0939473956823349 0.05894269794225693
b2 32
-0.09035065025091171 -0.005260560195893049 0.009621872566640377 0.11367147415876389 -0.10892068594694138 0.17077818512916565 0.05770207196474075 -0.16256560385227203 -0.20350682735443115 -0.17442317306995392 0.15946432948112488 0.18596941232681274 0.0004566694260574877 0.051571283489465714 -0.08168654143810272 -0.012628432363271713 -0.1403173804283142 -0.1823110729455948 0.21067921817302704 0.08532742410898209 0.2144470065832138 0.03979122266173363 0.0962018147110939 0.11507580429315567 0.08910944312810898 0.02326805330812931 -0.23293043673038483 -0.010958418250083923 -0.010986282490193844 -0.0001823190104914829 -0.05899783968925476 0.20980338752269745
W3 32
-0.07348743826150894 -0.041762836277484894 -0.06408797204494476 -0.17775367200374603 -0.15294989943504333 -0.1708609163761139 -0.07789241522550583 0.12453248351812363 0.06933800131082535 -0.08239946514368057 -0.04479113221168518 -0.07167739421129227 0.09292832016944885 0.08649449050426483 0.1472744643688202 0.12031170725822449 0.16843417286872864 -0.07580946385860443 -0.20152661204338074 -0.16790851950645447 -0.20147420465946198 0.12894804775714874 0.1623719334602356 -0.13897356390953064 0.19829170405864716 0.09232903271913528 -0.1372811496257782 0.11072041094303131 0.021536460146307945 0.011863166466355324 0.1491878628730774 -0.15793843567371368
b3 1
0.019213279709219933
