input_dim 64
hidden 32
log_input 1
y_mean 1.0034375190734863
y_std 0.1424804925918579
x_mean 64
0.5671959519386292 0.6339446902275085 0.6883466243743896 0.7295977473258972 0.7627705931663513 0.789629340171814 0.8126644492149353 0.8337857127189636 0.8525603413581848 0.869930624961853 0.8857801556587219 0.9010967016220093 0.9154415726661682 0.9286609888076782 0.9414282441139221 0.9540667533874512 0.9665591716766357 0.9783899784088135 0.9903233051300049 1.0019135475158691 1.0131354331970215 1.023732304573059 1.0352888107299805 1.0461626052856445 1.0569121837615967 1.0678644180297852 1.0789886713027954 1.0898754596710205 1.0998311042785645 1.110927939414978 1.1219909191131592 1.1330502033233643 1.1432852745056152 1.1543936729431152 1.1648623943328857 1.1768091917037964 1.1890745162963867 1.2001264095306396 1.212329626083374 1.223989486694336 1.2358280420303345 1.2486652135849 1.2611627578735352 1.27365243434906 1.2865948677062988 1.3000894784927368 1.3130643367767334 1.328428864479065 1.3431309461593628 1.357572317123413 1.3732398748397827 1.3894577026367188 1.405343770980835 1.4222981929779053 1.4403105974197388 1.460085391998291 1.478879690170288 1.5004656314849854 1.522011637687683 1.5483438968658447 1.5809030532836914 1.6191215515136719 1.6678423881530762 1.743764877319336
x_std 64
0.2836453914642334 0.2854943573474884 0.28484341502189636 0.2869400680065155 0.2897738814353943 0.2927679717540741 0.29688963294029236 0.30081263184547424 0.3044801950454712 0.30912306904792786 0.3137034475803375 0.31900355219841003 0.32416367530822754 0.3293994665145874 0.33438771963119507 0.34075260162353516 0.34746024012565613 0.3540722727775574 0.36145567893981934 0.3690817952156067 0.37658780813217163 0.3835861384868622 0.39214810729026794 0.4002209007740021 0.40857449173927307 0.4170427620410919 0.4259999692440033 0.4347594976425171 0.4429224729537964 0.451741099357605 0.46103352308273315 0.4699209928512573 0.47833573818206787 0.486966073513031 0.49503350257873535 0.5040796399116516 0.5127201676368713 0.5204660892486572 0.5285565257072449 0.5361251831054688 0.5436890721321106 0.5511842966079712 0.5583051443099976 0.5652182698249817 0.5721263289451599 0.5787075757980347 0.5851338505744934 0.5914568305015564 0.5974757075309753 0.6032935380935669 0.6091267466545105 0.6148993968963623 0.6201469302177429 0.6255995035171509 0.6306117177009583 0.6354443430900574 0.6403876543045044 0.6445805430412292 0.6492637395858765 0.6531926989555359 0.656280517578125 0.6583265662193298 0.6595731377601624 0.6567472815513611
W1 2048
-0.12911684811115265 0.06098370999097824 0.04128163680434227 -0.058456454426050186 0.03289727866649628 -0.09449433535337448 -0.06285226345062256 0.004668876063078642 0.0648801326751709 -0.0908314511179924 -0.05100931227207184 0.06243538483977318 -0.00027439999394118786 0.03802680969238281 0.07729093730449677 0.07592087984085083 0.048602186143398285 0.0007760938606224954 -0.07213039696216583 0.03130447492003441 -0.03127594292163849 0.08947525173425674 0.015950260683894157 0.06303174048662186 -0.036676302552223206 -0.07426568120718002 0.04484568163752556 0.029855186119675636 -0.07006482034921646 -0.030782116577029228 -0.04106191173195839 -0.08462883532047272 -0.02463039569556713 0.09720085561275482 0.009202833287417889 -0.002901022555306554 -0.03739068657159805 -0.0927392840385437 -0.013491916470229626 -0.018959568813443184 -0.02324002981185913 0.08124686777591705 -0.028612980619072914 0.045279499143362045 0.075743667781353 -0.09066136181354523 0.012202702462673187 -0.01784544810652733 0.006427317392081022 -0.09417334198951721 -0.02148459292948246 -0.08664386719465256 -0.05080665647983551 0.07287780940532684 -0.04103797674179077 -0.0400063656270504 -0.11505578458309174 0.04240414500236511 0.08713020384311676 -0.02792685478925705 -0.1332962065935135 -0.06586427986621857 -0.11490342020988464 -0.06461921334266663 -0.09307614713907242 -0.05682563781738281 -0.11215226352214813 -0.02413966879248619 -0.1232917532324791 -0.006407478358596563 -0.06554479897022247 0.0808175802230835 0.05470925569534302 -0.05446818098425865 -0.10581580549478531 -0.012717977166175842 -0.10382138937711716 -0.09764216840267181 -0.10784299671649933 0.08336435258388519 0.11643598973751068 0.08991510421037674 0.01717543788254261 0.001985016046091914 -0.032729897648096085 0.03291763737797737 -0.02779993787407875 -0.02621276117861271 0.13452155888080597 0.06996528804302216 0.07544558495283127 -0.08563699573278427 -0.053732600063085556 -0.051410023123025894 0.1383221447467804 -0.007593321148306131 0.02838102914392948 0.11003978550434113 0.051246073096990585 0.03149658069014549 0.03949078917503357 0.06810068339109421 0.049061164259910583 0.09368820488452911 0.12928904592990875 0.06883659213781357 -0.044169872999191284 0.05049702525138855 0.14913609623908997 -0.059651851654052734 0.136252298951149 -0.04205502197146416 -0.06298577040433884 0.051674701273441315 0.09213252365589142 -0.022133441641926765 0.12903276085853577 0.03708960860967636 0.11658080667257309 0.06426752358675003 -0.06454849243164062 0.04731147363781929 -0.06208598613739014 -0.04361074045300484 -0.03347567096352577 0.038638919591903687 -0.059149567037820816 0.13068217039108276 0.09252176433801651 -0.01189348939806223 -0.057464465498924255 -0.011017615906894207 -0.05524123087525368 0.06695462763309479 -0.1300651878118515 0.0878167599439621 -0.11351136863231659 0.05494772642850876 0.07129941880702972 0.05379587039351463 -0.03997116908431053 -0.03484639525413513 -0.13612444698810577 -0.04751815274357796 -0.07940392941236496 0.003952108323574066 0.01892511546611786 0.043229687958955765 -0.12100664526224136 0.01259639486670494 0.06022540107369423 -0.02656111866235733 0.010340917855501175 -0.015051412396132946 0.07512425631284714 -0.12704499065876007 0.026139354333281517 -0.09223492443561554 0.054166462272405624 -0.04799041897058487 0.04981733113527298 -0.14568231999874115 -0.019288821145892143 0.010778471827507019 -0.13801029324531555 -0.06680358201265335 0.05082852393388748 -0.11616552621126175 -0.023407695814967155 -0.016321055591106415 -0.07717781513929367 -0.09400570392608643 0.04467720910906792 0.055658288300037384 0.0330730564892292 -0.011828633025288582 -0.1531207263469696 -0.018090618774294853 -0.12331151217222214 -0.1276673972606659 -0.12522126734256744 -0.13265612721443176 0.021441269665956497 -0.0709601417183876 -0.1317700445652008 0.016239050775766373 -0.07270491868257523 -0.009399528615176678 -0.008594667539000511 0.038337670266628265 0.009077571332454681 -0.12515045702457428 -0.07283443212509155 -0.06479394435882568 -0.034214142709970474 -0.17599667608737946 -0.17364609241485596 -0.0019494211301207542 -0.03244262933731079 -0.0020063375122845173 -0.015794623643159866 -0.10292049497365952 -0.10522578656673431 0.09070520848035812 0.024480406194925308 0.06687460094690323 -0.0972871407866478 -0.05263691395521164 0.12244687229394913 -0.06410178542137146 0.0654430016875267 0.11246255785226822 0.05020672455430031 0.03127320110797882 0.0888538658618927 0.07464711368083954 0.023841047659516335 0.003129944670945406 -0.057564616203308105 0.10367509722709656 0.10080912709236145 0.13204658031463623 0.02182663418352604 0.010727752931416035 0.10732725262641907 -0.0001222150749526918 -0.019183415919542313 0.06927967816591263 0.07164935767650604 0.010927476920187473 0.050616756081581116 -0.021254202350974083 0.07214875519275665 0.034905243664979935 -0.07899266481399536 0.04288909584283829 0.11459539830684662 -0.06654779613018036 0.11914429068565369 0.12983068823814392 0.02382034994661808 0.030862009152770042 -0.1049540713429451 0.10586221516132355 -0.0597359798848629 0.10793836414813995 0.11482363939285278 -0.003419687272980809 0.031528472900390625 -0.06056888774037361 0.017395997419953346 -0.02816958911716938 0.13784779608249664 -0.07251093536615372 0.014703371562063694 0.1306006908416748 -0.05140285566449165 -0.20807123184204102 -0.20525234937667847 -0.1147720143198967 -0.11504130810499191 -0.16168348491191864 -0.07698582857847214 -0.14527583122253418 -0.07374150305986404 -0.02132871374487877 0.10648328810930252 -0.0323726087808609 -0.0989234521985054 -0.05953181907534599 0.14004337787628174 0.03750400245189667 0.14147725701332092 -0.07448191940784454 0.10898731648921967 0.08323996514081955 -0.06300326436758041 0.02271057665348053 0.042576100677251816 -0.029207604005932808 0.15487636625766754 -0.055980172008275986 0.04634618014097214 0.12048641592264175 0.10145201534032822 0.0023843899834901094 -0.016340995207428932 0.03823618218302727 0.07770705968141556 0.14944401383399963 0.044628601521253586 0.15254004299640656 -0.062077224254608154 0.13727162778377533 0.13474872708320618 0.1807350069284439 0.10470589250326157 0.16905151307582855 -0.012263210490345955 -0.03586159273982048 0.03252796828746796 0.07408695667982101 0.14922325313091278 0.15418751537799835 0.08780770748853683 -0.03531024232506752 0.08743634074926376 0.08077913522720337 0.15544550120830536 -0.07946215569972992 -0.02214227244257927 0.15447677671909332 0.11352066695690155 0.07722204178571701 0.16792833805084229 0.13505204021930695 -0.04764167591929436 0.020295072346925735 0.06828226894140244 0.10058911889791489 -0.08616148680448532 -0.028657356277108192 0.06784077733755112 -0.04913072660565376 0.08645947277545929 0.01991010084748268 0.060839585959911346 0.027296246960759163 -0.05748480185866356 0.09271276742219925 -0.06293243169784546 -0.003412483260035515 0.09409552812576294 -0.027504539117217064 0.07662437856197357 0.06570393592119217 -0.052887968719005585 -0.058096494525671005 -0.02751985564827919 -0.06020413711667061 -0.012146206572651863 -0.05426768586039543 -0.008217224851250648 -0.012961099855601788 -0.04821590706706047 -0.021339377388358116 0.0036123371683061123 0.004105358384549618 -0.08969061076641083 -0.10488509386777878 -0.032465703785419464 -0.10942650586366653 -0.10637170076370239 -0.04696580395102501 0.031953826546669006 -0.01297676656395197 0.007437637075781822 -0.00632680905982852 -0.08494406938552856 -0.130086287856102 -0.11268126964569092 -0.14096887409687042 -0.07207359373569489 -0.13040904700756073 -0.16645720601081848 -0.10527122765779495 -0.09418966621160507 -0.08648684620857239 -0.07779774069786072 -0.06294801831245422 0.02748759463429451 -0.06731970608234406 -0.022837206721305847 -0.10263705253601074 -0.10676424950361252 -0.0022766604088246822 -0.07872714102268219 0.04860786721110344 -0.04501110315322876 -0.019172728061676025 0.04161138832569122 0.08883244544267654 -0.03811202198266983 0.0595138743519783 0.12473835051059723 0.23925206065177917 0.23390068113803864 0.20600168406963348 0.18124333024024963 0.18076659739017487 0.18124224245548248 0.005782770924270153 0.09105030447244644 0.07764968276023865 -0.02653666026890278 -0.03233557939529419 0.1371869146823883 0.004415042232722044 0.038182202726602554 -0.10422490537166595 0.10276623070240021 -0.07398157566785812 -0.047375380992889404 0.08032966405153275 -0.03809213265776634 0.03546213358640671 0.01958164945244789 0.06866631656885147 -0.02413281984627247 -0.040867067873477936 0.1082654818892479 0.1051659882068634 -0.08263777196407318 0.09733852744102478 0.014922833070158958 0.04955008625984192 -0.0023430055007338524 -4.325920599512756e-05 -0.02765187807381153 -0.011114918626844883 -0.1464838683605194 0.07342204451560974 -0.14047600328922272 0.05059676989912987 -0.05004412680864334 0.05143861845135689 -0.049052488058805466 -0.026429053395986557 -0.020118679851293564 -0.07064293324947357 -0.09587502479553223 -0.11020997911691666 0.004255187697708607 -0.05463697761297226 -0.043160174041986465 -0.07984992116689682 0.02123161032795906 -0.026931459084153175 0.027903128415346146 -0.027608439326286316 0.07777627557516098 -0.1051471009850502 -0.09085366129875183 -0.067594513297081 -0.001504671759903431 -0.07118313014507294 -0.1329437792301178 -0.06675063818693161 0.21017247438430786 0.0728987604379654 0.08525851368904114 0.0828540176153183 0.11973696202039719 0.08551502972841263 -0.0010605070274323225 0.08638086169958115 0.08073827624320984 0.03146304562687874 0.002909326460212469 0.11231191456317902 0.07436982542276382 -0.008143466897308826 -0.03603607416152954 0.04420088231563568 -0.04899220168590546 0.07882454246282578 -0.0320122092962265 0.023161575198173523 0.06784815341234207 0.03844312205910683 -0.08632715791463852 0.08943946659564972 0.014903072267770767 -0.10351751744747162 0.09194783866405487 -0.11627399921417236 -0.10478591173887253 -0.07305337488651276 -0.10350313037633896 0.06716351956129074 -0.11724187433719635 0.07652920484542847 -0.03425353392958641 0.002096722135320306 -0.07027134299278259 -0.0048375120386481285 0.0745084136724472 0.037263188511133194 -0.1336778998374939 0.013064850121736526 0.05347835272550583 0.025303713977336884 -0.15543852746486664 0.04597548767924309 0.04589647054672241 -0.009603817015886307 0.06691005080938339 -0.07717019319534302 -0.01128051895648241 -0.0557061992585659 0.10308252274990082 0.0325702540576458 -0.0631614476442337 0.003993313759565353 -0.025086229667067528 -0.12098164856433868 0.0011392099549993873 -0.038509588688611984 0.05920947715640068 0.031201113015413284 -0.02272244356572628 -0.04704410582780838 -0.10684296488761902 -0.16260594129562378 -0.09789163619279861 -0.062323711812496185 -0.006811744533479214 -0.10725877434015274 -0.08855759352445602 0.0014475202187895775 -0.09504664689302444 -0.024458350613713264 -0.07969461381435394 -0.07344847172498703 -0.0732419490814209 -0.051911111921072006 -0.03123503364622593 0.04554468393325806 -0.04328287020325661 -0.04913156479597092 -0.058325350284576416 -0.013280751183629036 0.021737640723586082 0.02982393465936184 -0.021027784794569016 0.01829022355377674 0.0819200947880745 0.08519790321588516 0.1016567051410675 0.03233759477734566 0.1524953842163086 0.05355668067932129 0.007742151618003845 0.09488680213689804 0.052209094166755676 0.0025393555406481028 0.07348591834306717 -0.012750496156513691 0.12870614230632782 0.08943881839513779 0.12913286685943604 0.035386137664318085 0.09616385400295258 0.0775841623544693 0.07051929086446762 0.0739016979932785 0.14058169722557068 0.0013710203347727656 -0.026260187849402428 -0.0031584566459059715 -0.032248180359601974 -0.010830204002559185 0.0869000032544136 0.028141213580965996 0.0705002099275589 0.12298787385225296 -0.023648478090763092 0.10558263212442398 0.07105156034231186 0.12403484433889389 0.11052048951387405 0.026874734088778496 0.04001419246196747 0.05818895995616913 0.09454834461212158 -0.00596386194229126 0.03484024107456207 0.041898805648088455 -0.037369389086961746 -0.07887307554483414 0.10161148756742477 0.06814651191234589 0.01974654197692871 -0.11501160264015198 0.07477308809757233 0.09047529846429825 -0.10846729576587677 0.09279755502939224 -0.10454028099775314 0.05573559179902077 -0.11922623962163925 0.018178779631853104 -0.05946480482816696 -0.04793330654501915 0.07611966878175735 0.03450427204370499 -0.11961106210947037 0.09407871961593628 -0.11517279595136642 -0.10479096323251724 -0.07325457781553268 -0.05453556030988693 -0.02928793989121914 0.03334352374076843 -0.023206306621432304 0.07255807518959045 0.017291083931922913 0.029563086107373238 0.015704698860645294 0.0017362615326419473 -0.01078777015209198 -0.022264664992690086 -0.0018364512361586094 -0.03139647841453552 0.08666430413722992 0.04022350534796715 -0.10242852568626404 -0.11662773787975311 -0.07176952064037323 0.06905291229486465 -0.02208753302693367 0.06550344079732895 0.0030121663585305214 -0.04313052445650101 -0.0704314336180687 0.07333458214998245 0.054068103432655334 -0.06498507410287857 0.07279448211193085 0.07018162310123444 -0.08587503433227539 -0.023824844509363174 0.06907715648412704 -0.07406295835971832 0.06188918650150299 0.007367371115833521 -0.02324257791042328 -0.0479685477912426 0.00510096549987793 -0.10528037697076797 -0.00186957698315382 0.072170190513134 -0.0340547114610672 -0.009641566313803196 0.05286146700382233 0.057585008442401886 0.10882789641618729 -0.02627558261156082 0.08991435170173645 0.08351854979991913 0.11498510837554932 -0.03352358937263489 -0.013037124648690224 0.07390127331018448 0.038467101752758026 0.08640476316213608 -0.03525960445404053 -0.030808694660663605 0.028444059193134308 -0.04904200881719589 -0.015945913270115852 0.010539456270635128 -0.02571297436952591 0.007361121941357851 -0.011671245098114014 0.015747927129268646 0.065379299223423 -0.08918531239032745 -0.0481192022562027 0.031232543289661407 0.05949338525533676 -0.020716780796647072 -0.08163559436798096 0.011036315932869911 -0.0856025367975235 -0.10630109906196594 0.008982284925878048 -0.04319828748703003 -0.07437392324209213 -0.023025065660476685 0.006229771301150322 -0.12404435127973557 0.022832490503787994 -0.10811775177717209 -0.05044113099575043 -0.05238692834973335 -0.0721563920378685 -0.10195906460285187 -0.12605032324790955 0.0018610521219670773 -0.04318120330572128 -0.02861105464398861 -0.16339300572872162 -0.09106604009866714 -0.06549207866191864 -0.06719217449426651 -0.010951838456094265 -0.10750268399715424 -0.16890425980091095 -0.01217312179505825 -0.14388544857501984 -0.13418802618980408 -0.15626215934753418 -0.029601991176605225 -0.013883941806852818 0.03340676426887512 0.10799017548561096 0.04420575127005577 -0.040985357016325 0.09561638534069061 -0.005066016688942909 0.013705749996006489 -0.10877799987792969 0.07841579616069794 0.04232430085539818 -0.10174743831157684 -0.0009264640393666923 0.035310715436935425 0.005818002391606569 -0.048770684748888016 -0.11802468448877335 0.08084902912378311 -0.009846481494605541 -0.02008499577641487 0.08854949474334717 -0.11537811905145645 -0.12474890053272247 0.04868115112185478 0.0899859294295311 -0.10870561003684998 0.08626066148281097 0.060780540108680725 -0.07514643669128418 -0.09744324535131454 0.015973974019289017 -0.08678096532821655 0.031013812869787216 0.006522729527205229 -0.09958013147115707 -0.038185495883226395 -0.0996958389878273 -0.1512891799211502 -0.15140192210674286 -0.012504812330007553 -0.10617158561944962 -0.08497348427772522 -0.10620075464248657 -0.12956425547599792 -0.06684590876102448 -0.1719057559967041 -0.032311372458934784 -0.11806835979223251 -0.05685703456401825 -0.022500136867165565 -0.142131045460701 -0.03135153278708458 -0.18328559398651123 -0.10798144340515137 -0.1507197469472885 -0.1401316374540329 -0.12495072185993195 -0.16038529574871063 -0.18390841782093048 -0.0008009601151570678 -0.14182254672050476 -0.03421233594417572 -0.14829452335834503 -0.05126065015792847 -0.06458549201488495 0.09322305768728256 -0.04452715441584587 -0.04105164855718613 0.04777055233716965 0.05376143008470535 0.04574154317378998 -0.02211223915219307 0.06040310114622116 -0.09035219252109528 -0.040368128567934036 -0.08916561305522919 0.042536068707704544 -0.05583075061440468 -0.013442904688417912 -0.05754104629158974 0.0016949304845184088 -0.047844987362623215 -0.09269221872091293 -0.06403226405382156 0.03409574180841446 0.028165727853775024 -0.06860192120075226 0.049788083881139755 0.04261080548167229 0.005914691369980574 0.050288259983062744 -0.120411716401577 -0.03643592447042465 0.030508821830153465 -0.08318930119276047 -0.004116285126656294 -0.11071505397558212 0.05099397152662277 -0.017439445480704308 -0.025576910004019737 -0.046508315950632095 -0.11759206652641296 -0.12156807631254196 -0.04844992235302925 -0.024491509422659874 0.02349349856376648 -0.08227310329675674 -0.05139635130763054 -0.09980963170528412 0.007756765931844711 0.052344828844070435 0.0028222219552844763 0.019045665860176086 -0.046284548938274384 0.012051641009747982 -0.04966902360320091 0.029017949476838112 -0.09098706394433975 -0.058275267481803894 -0.043508268892765045 0.015546091832220554 0.033610232174396515 -0.06527983397245407 0.009689128957688808 0.02934330515563488 0.02164532244205475 -0.017747558653354645 0.07850751280784607 0.2335187941789627 0.05482351779937744 0.010331213474273682 0.14281690120697021 0.12497619539499283 0.08419137448072433 -0.023681649938225746 0.09139712899923325 0.13842949271202087 0.056369926780462265 -0.008645622059702873 0.04741668701171875 0.05999123677611351 0.07718899846076965 0.049408189952373505 -0.03986559808254242 -0.10612376779317856 -0.014305036514997482 0.08039657771587372 0.01995398849248886 -0.11446662992238998 -0.04126814380288124 -0.03500542417168617 0.057209860533475876 -0.059155065566301346 0.07837241142988205 0.0373595766723156 -0.07483480125665665 -0.12751272320747375 0.08211258798837662 0.09281078726053238 -0.07982999831438065 -0.027742981910705566 -0.14888057112693787 0.03620659559965134 -0.11554881185293198 -0.15284109115600586 0.05015753209590912 0.010253755375742912 0.02851559780538082 -0.15898233652114868 0.014798175543546677 0.011076035909354687 0.040711451321840286 0.055380694568157196 -0.09244196861982346 -0.1277472823858261 0.06184220686554909 -0.11024511605501175 -0.14948371052742004 -0.037648819386959076 -0.02674570307135582 -0.05238981917500496 0.05211223289370537 0.05190197750926018 0.06616199016571045 0.0560617670416832 0.025756655260920525 0.038495052605867386 0.03331742063164711 -0.1602514535188675 0.04949185997247696 -0.11063418537378311 -0.08123991638422012 0.050983212888240814 -0.11754456162452698 0.07021427154541016 -0.009711852297186852 0.057647500187158585 0.06152736395597458 0.025158746168017387 0.030971532687544823 0.06345435976982117 -0.056684400886297226 -0.05587908253073692 0.028569888323545456 -0.07189428061246872 0.043808043003082275 -0.09143853187561035 -0.053656600415706635 -0.10183275490999222 -0.08382093161344528 -0.06329232454299927 0.06971004605293274 -0.07776549458503723 -0.04443112388253212 0.08067617565393448 0.05154014751315117 0.07091453671455383 0.007923470810055733 -0.023194987326860428 -0.028863808140158653 0.08205941319465637 -0.01954626478254795 0.06251721829175949 -0.015512004494667053 -0.11501152068376541 -0.11876674741506577 0.003364360425621271 -0.0702032670378685 -0.037399739027023315 -0.09671780467033386 -0.08465752750635147 0.06423288583755493 -0.057639364153146744 -0.077499620616436 -0.007842727936804295 -0.07076288014650345 -0.038721226155757904 -0.09653227031230927 -0.026880985125899315 -0.14492474496364594 0.03919926658272743 -0.014327244833111763 0.051216598600149155 -0.09817751497030258 0.07625160366296768 0.03805568441748619 0.024561772122979164 -0.0021581221371889114 0.031243547797203064 -0.07182488590478897 0.03433004394173622 0.062428176403045654 0.10510452091693878 0.09885941445827484 -0.004836193285882473 0.0373549610376358 -0.10830423980951309 -0.14706014096736908 -0.04565490037202835 -0.10680002719163895 -0.07740630954504013 -0.1027878001332283 -0.11640302836894989 -0.006063541863113642 -0.04512044042348862 -0.07670579850673676 -0.043264951556921005 -0.09818731993436813 -0.07876527309417725 -0.007020731922239065 0.017928820103406906 0.013799706473946571 0.03346441313624382 -0.045078571885824203 -0.00459674559533596 -0.06335654109716415 0.014527048915624619 -0.06746743619441986 -0.0010528998682275414 -0.027905188500881195 -0.004099312238395214 0.009958786889910698 -0.03049672208726406 -0.04070267826318741 -0.07383519411087036 0.024078603833913803 -0.01862994208931923 -0.06456419825553894 -0.029519060626626015 -0.08921224623918533 -0.08214721083641052 -0.06694748252630234 -0.04125517979264259 0.00024317658971995115 -0.059004686772823334 -0.08759313821792603 -0.11246438324451447 -0.05473383143544197 -0.12847571074962616 -0.1254766285419464 -0.034157443791627884 -0.04937358945608139 -0.10588493198156357 -0.07381843030452728 -0.04158617928624153 -0.01543299201875925 0.0015846372116357088 -0.07955577969551086 -0.02281104400753975 -0.013495402410626411 0.024127908051013947 -0.04911234229803085 -0.015897244215011597 -0.007479379884898663 -0.042712707072496414 0.05340930446982384 0.04178021848201752 0.0607621856033802 0.08452217280864716 0.09460506588220596 0.08951395004987717 -0.06648597121238708 0.08527940511703491 0.0148285161703825 -0.08129305392503738 -0.030270811170339584 0.07489626109600067 0.11488818377256393 0.050656870007514954 -0.09974376857280731 -0.026431314647197723 0.06672850251197815 0.06879503279924393 -0.02640260010957718 0.03345629572868347 -0.12443309277296066 -0.008866485208272934 0.07153835147619247 -0.0886295735836029 -0.11548253893852234 -0.027391234412789345 -0.09234483540058136 -0.048722755163908005 -0.04253699630498886 -0.037429630756378174 0.0395742729306221 0.022672351449728012 -0.07365427911281586 -0.09725365042686462 -0.13224157691001892 0.030487094074487686 -0.11098212003707886 0.04653475061058998 -0.06852567940950394 -0.08024711906909943 -0.00646723760291934 -0.011443638242781162 -0.07097697257995605 -0.032614823430776596 -0.07446610182523727 -0.12614494562149048 -0.026794347912073135 0.02017386630177498 0.033373989164829254 -0.12416636943817139 0.022949522361159325 -0.17583699524402618 0.013121748343110085 0.03353305906057358 -0.028074266389012337 -0.1408071368932724 0.0038904864341020584 -0.10937103629112244 0.0816512480378151 0.008445478044450283 -0.008900010026991367 0.0951191633939743 0.044371601194143295 0.016115669161081314 0.15826353430747986 0.1658199578523636 0.16184833645820618 0.21645162999629974 0.21086269617080688 0.12182935327291489 0.14882971346378326 0.17520160973072052 0.20649224519729614 -0.024854345247149467 0.05495361238718033 -0.012803936377167702 0.121429443359375 0.12248927354812622 0.0706624984741211 0.08886151015758514 0.13951237499713898 0.02831220254302025 0.06549211591482162 0.08637769520282745 0.10247442871332169 -0.12710100412368774 -0.002800429705530405 0.020451419055461884 0.10199784487485886 0.10219833254814148 0.05274306610226631 -0.06413443386554718 0.04689761623740196 0.0012436070246621966 -0.030817672610282898 0.05400649458169937 -0.03098115883767605 -0.10567125678062439 -0.13048505783081055 -0.05432631075382233 -0.10306794196367264 0.013381925411522388 0.04554788023233414 -0.03372520953416824 0.02174178510904312 0.03106672875583172 -0.05911417677998543 0.020542392507195473 0.10048157721757889 -0.11192486435174942 0.07135605812072754 -0.049014098942279816 0.09341473132371902 -0.06511808931827545 -0.09396253526210785 -0.08210774511098862 -0.018460281193256378 0.11524366587400436 0.11420774459838867 0.0012312933104112744 0.09810757637023926 0.03300587832927704 0.051014747470617294 -0.11033900827169418 0.06302895396947861 -0.1509954035282135 0.07060863077640533 -0.03582768887281418 -0.09695438295602798 -0.04667399451136589 -0.15096178650856018 -0.01205191109329462 0.030507471412420273 0.030785271897912025 -0.00198416062630713 0.028913412243127823 0.047627661377191544 0.014902501367032528 -0.04354727268218994 0.010069670155644417 -0.13287138938903809 0.08931376039981842 0.07525099813938141 -0.041086938232183456 -0.011880301870405674 -0.038886215537786484 -0.12011916190385818 0.06172433868050575 0.06416504830121994 -0.051781389862298965 -0.02623561955988407 -0.015783267095685005 0.030795443803071976 -0.11453518271446228 0.055004481226205826 -0.020293159410357475 0.013259397819638252 0.044859565794467926 -0.10911915451288223 -0.12844011187553406 -0.05598269775509834 -0.019570261240005493 0.06237925961613655 0.043155670166015625 0.06146281212568283 0.0894867554306984 -0.039332661777734756 0.0004463593941181898 -0.020924923941493034 -0.07323675602674484 0.05761987715959549 -0.01510582584887743 0.07674768567085266 -0.04237429052591324 0.02748512476682663 -0.0968405082821846 -0.06990701705217361 -0.06473284959793091 0.018193941563367844 -0.06057203188538551 0.03491799160838127 -0.09443368017673492 -0.06717857718467712 0.0722576454281807 0.0030928964260965586 -0.07385485619306564 -0.0033246902748942375 0.07481586933135986 -0.07619180530309677 -0.10876139998435974 -0.11671996861696243 0.07576127350330353 -0.0748634934425354 -0.07950278371572495 0.017049027606844902 -0.027761539444327354 0.0273048747330904 0.08226966112852097 0.02256305329501629 -0.09987382590770721 0.06369242817163467 0.09572651237249374 0.06130930781364441 -0.000577739963773638 0.037437524646520615 -0.009757005609571934 -0.04437096416950226 -0.06663376837968826 -0.06475992500782013 0.06373679637908936 -0.10504686087369919 0.07355663925409317 -0.09619072079658508 0.08838234096765518 -0.013397774659097195 -0.054041098803281784 0.05393359810113907 -0.11478089541196823 -0.0647977739572525 -0.0628606528043747 -0.04940780997276306 0.04734669625759125 0.0010056972969323397 -0.0155723225325346 -0.12570005655288696 0.05256474390625954 -0.11062372475862503 -0.038160551339387894 -0.04575546085834503 -0.042486440390348434 -0.008126542903482914 0.005568314343690872 -0.08013103157281876 -0.025167692452669144 0.08219403773546219 0.058895669877529144 0.04981304705142975 -0.014880690723657608 -0.06275920569896698 0.04128840193152428 -0.08504707366228104 0.09610207378864288 -0.030428588390350342 0.06778878718614578 -0.03326605632901192 0.07682691514492035 -0.023036504164338112 0.041947465389966965 0.05562840402126312 -0.08728150278329849 0.023638885468244553 -0.03220014274120331 0.03656575828790665 0.05354597046971321 -0.06459161639213562 -0.00846130307763815 0.025333542376756668 -0.012657029554247856 0.022191502153873444 0.005607857368886471 -0.060322921723127365 0.07674200087785721 0.012777670286595821 0.10228519886732101 0.10936155915260315 0.005228146445006132 0.10965773463249207 -0.012194422073662281 0.08120504021644592 0.11146770417690277 -0.1029442772269249 -0.024747047573328018 -0.06841399520635605 -0.0030937897972762585 -0.07934597879648209 0.09425254166126251 -0.06852566450834274 0.06975165009498596 0.10032469034194946 -0.02828594669699669 -0.04492509365081787 0.06897875666618347 -0.04572219029068947 -0.0788598582148552 0.03900115191936493 -0.03562010079622269 0.023756884038448334 -0.003954779356718063 0.021032633259892464 -0.06630408763885498 -0.11399879306554794 -0.07978862524032593 0.08497167378664017 -0.09409762918949127 -0.1287245899438858 -0.06526899337768555 -0.1335013508796692 0.02629532665014267 -0.09837473183870316 -0.1159040778875351 0.05018455162644386 -0.10829220712184906 0.07670141756534576 -0.019223008304834366 -0.002937845652922988 0.03340987116098404 -0.024847757071256638 -0.04867411404848099 -0.08587674796581268 -0.055556103587150574 -0.11102697253227234 0.000975632225163281 0.05149203911423683 -0.03380907326936722 -0.14541040360927582 -0.13876180350780487 -0.09830860793590546 -0.04886316508054733 -0.07983453571796417 -0.020518964156508446 -0.06283565610647202 -0.03968410938978195 -0.04669122025370598 0.017440315335989 -0.08551347255706787 0.04118071869015694 -0.06758278608322144 0.1368483006954193 0.11876920610666275 -0.03955511376261711 0.10069305449724197 -0.055001817643642426 -0.02004527486860752 -0.09487748146057129 -0.0059270476922392845 0.061313748359680176 -0.024811847135424614 -0.04268770292401314 -0.05247073620557785 0.030703769996762276 -0.07810459285974503 -0.0172993503510952 -0.020980294793844223 -0.05659087002277374 0.10031577944755554 -0.030273711308836937 0.04337335377931595 0.09898843616247177 -0.09395379573106766 -0.01754303276538849 -0.011199521832168102 0.0619567446410656 -0.006736737675964832 -0.07805750519037247 -0.09593045711517334 0.07738885283470154 0.028018740937113762 -0.13806305825710297 -0.05270594730973244 0.0035158528480678797 -0.08795192092657089 -0.08449018001556396 -0.06266088783740997 -0.12753401696681976 0.001777671161107719 0.02619331143796444 -0.0780823677778244 -0.09352704137563705 -0.15870317816734314 0.050271861255168915 -0.12102262675762177 -0.05939456447958946 -0.012860694900155067 -0.056836776435375214 -0.030569106340408325 0.05726557597517967 -0.039017368108034134 -0.01812002807855606 0.11783792078495026 0.11747385561466217 0.13154006004333496 0.11255580186843872 -0.04255785793066025 0.12960819900035858 0.12251652777194977 -0.06247644126415253 -0.005373593419790268 -0.02306680753827095 0.029267029836773872 -0.09615626931190491 0.08434152603149414 0.05929582193493843 -0.07297118008136749 0.05869373306632042 0.0013439483009278774 0.03513775020837784 -0.011546843685209751 -0.019681250676512718 0.06704606115818024 0.012025806121528149 0.03583545982837677 -0.09187586605548859 0.007729906588792801 0.04555705934762955 -0.13561035692691803 0.016114434227347374 0.020589735358953476 -0.04786362871527672 -0.04939192160964012 0.0018588303355500102 -0.11142522841691971 -0.019712530076503754 -0.018987251445651054 0.013988225720822811 -0.04625823348760605 0.06641737371683121 -0.056486573070287704 0.06780744343996048 -0.09333423525094986 -0.08733469247817993 0.0558590292930603 -0.028706662356853485 0.003512127324938774 0.04976808652281761 -0.10882947593927383 0.0569629892706871 -0.024379847571253777 -0.08735837042331696 -0.019727060571312904 0.03177710622549057 0.05711226537823677 0.05591822788119316 -0.11075196415185928 0.013850955292582512 0.05177094414830208 0.0759095549583435 -0.09302826970815659 -0.051843564957380295 -0.01025349460542202 -0.05439765006303787 0.04302727431058884 -0.06453470885753632 -0.05895113945007324 0.04678140953183174 0.05977330729365349 -0.046565864235162735 0.014753149822354317 -0.09293486922979355 -0.04109005257487297 0.01372050866484642 -0.11554957181215286 0.03321210667490959 0.0037370813079178333 0.044609859585762024 -0.0720420628786087 -0.12222324311733246 -0.09793685376644135 0.021682456135749817 -0.04455417022109032 -0.12815448641777039 -0.044093139469623566 0.029354771599173546 -0.04665450379252434 0.056121014058589935 -0.057575684040784836 0.017203805968165398 -0.026495233178138733 0.10565093159675598 -0.005628974176943302 -0.07628066837787628 0.13887295126914978 -0.06470994651317596 0.03992636874318123 0.0009835042292252183 0.04772796109318733 -0.06942537426948547 0.09580611437559128 0.10287805646657944 0.13871601223945618 -0.009099626913666725 -0.012898498214781284 -0.004403604660183191 0.04813230037689209 0.031020252034068108 0.03886749967932701 -0.0842839926481247 -0.0837397426366806 -0.10533027350902557 -0.07815472781658173 0.03224177658557892 0.03038140758872032 -0.08831166476011276 -0.02880333922803402 0.08480440080165863 -0.005801330786198378 -0.07597354054450989 0.004610562231391668 0.03646744415163994 0.020669540390372276 -0.06517032533884048 0.06689274311065674 -0.05226157233119011 -0.02860584855079651 -0.10892418771982193 -0.0951414629817009 -0.029928289353847504 0.01781807839870453 0.07956834882497787 -0.1126173734664917 0.07671981304883957 0.11886860430240631 0.12312893569469452 -0.1019640788435936 0.12251443415880203 0.05718204006552696 -0.025404563173651695 0.11349310725927353 0.01156636793166399 -0.05569329112768173 -0.11255304515361786 -0.042105335742235184 0.09173528850078583 -0.017180578783154488 -0.06308608502149582 -0.08170604705810547 0.025426888838410378 0.05374886095523834 0.08733557909727097 -0.06899220496416092 0.04724301025271416 -0.09254007041454315 -0.08243303745985031 0.12070471793413162 -0.035241786390542984 -0.004181670490652323 0.058282822370529175 -0.010537831112742424 0.1170436441898346 0.05411754176020622 0.08549828827381134 -0.0029304134659469128 -0.10180766135454178 0.07576033473014832 -0.037013839930295944 -0.002725018421187997 0.048064835369586945 0.05856060981750488 0.08902879059314728 0.014059136621654034 -0.007281086407601833 -0.054075371474027634 -0.0998629629611969 0.08224879205226898 0.014048867858946323 -0.050582531839609146 -0.08628501743078232 0.051098138093948364 -0.06635270267724991 0.08541708439588547 -0.0961112380027771 0.09296601265668869 -0.0067505608312785625 -0.0008639956940896809 -0.11228717863559723 -0.09712682664394379 -0.08657293021678925 0.02456475794315338 -0.06998805701732635 -0.04484512656927109 -0.0041134972125291824 0.009777906350791454 -0.023088796064257622 0.09132235497236252 -0.007024300284683704 -0.08925818651914597 0.021380659192800522 -0.10001473128795624 0.05698974058032036 0.04324819892644882 -0.026632389053702354 0.03849001228809357 -0.044436220079660416 -0.0273246169090271 0.01893242634832859 -0.09150269627571106 -0.015318427234888077 -0.012557725422084332 -0.06795945018529892 -0.01083294115960598 -0.06925249844789505 0.018747219815850258 -0.0958794504404068 -0.05004969239234924 -0.012730053626000881 -0.026682186871767044 -0.09340286999940872 -0.0733666718006134 -0.05071515217423439 -0.022629491984844208 -0.03473953157663345 -0.05750367417931557 -0.04382264241576195 -0.024509362876415253 -0.0558764711022377 -0.01054286491125822 -0.01899726502597332 -0.026107698678970337 -0.014535481110215187 -0.0077753821387887 0.07164684683084488 0.04286447912454605 -0.005289561580866575 0.0746779665350914 -0.03355935588479042 0.03218311071395874 0.005847119726240635 -0.025321798399090767 0.02953922748565674 -0.03810497745871544 0.001224783482030034 0.05759488791227341 0.07307738065719604 0.08601205796003342 0.03359043225646019 0.032450586557388306 -0.023069804534316063 0.07646044343709946 -0.007183833979070187 -0.07193230092525482 0.06284868717193604 0.023031866177916527 0.046832405030727386 0.066851407289505 0.04479217529296875 -0.09955118596553802 0.019489457830786705 0.06287132203578949 -0.09854234009981155 0.06315316259860992 0.05944330245256424 0.05152434483170509 -0.02583959512412548 0.02384944073855877 -0.002859927946701646 -0.02878972701728344 -0.11580583453178406 -0.19878560304641724 -0.15748675167560577 -0.07148254662752151 -0.15622738003730774 0.019139617681503296 -0.09711699187755585 -0.14001072943210602 0.07025124877691269 0.02954631671309471 -0.10522757470607758 0.10016831755638123 0.11138438433408737 -0.0602191686630249 0.05445784702897072 0.10584433376789093 0.048176541924476624 0.07966101914644241 -0.017637619748711586 -0.013705388642847538 0.030668631196022034 -0.06746862083673477 0.11911984533071518 0.052872106432914734 -0.07292498648166656 0.022882744669914246 0.04526468366384506 -0.06341322511434555 0.14923357963562012 -0.07747815549373627 -0.04009441286325455 0.11369193345308304 -0.0293380506336689 0.14530028402805328 -0.06276024878025055 -0.01887930929660797 0.07702571153640747 0.04184456914663315 0.0308157317340374 0.01207757368683815 0.13120493292808533 0.1440514177083969 0.07003723829984665 -0.015873821452260017 0.12792767584323883 -0.03114745020866394 0.14970147609710693 -0.029366634786128998 0.10196531563997269 -0.023195795714855194 -0.052712973207235336 0.008061871863901615 0.07370005548000336 -0.02799740619957447 -0.02334180846810341 0.04253352805972099 0.16084344685077667 0.1565473973751068 0.1502639353275299 0.1914645880460739 0.04764851927757263 0.13298815488815308 0.08568346500396729 0.16134518384933472 -0.21415913105010986 -0.12139669060707092 -0.15303575992584229 -0.04910532012581825 -0.03130346164107323 -0.0944133996963501 0.05342971533536911 -0.02420385368168354 -0.03474617376923561 -0.0841992199420929 0.02708747237920761 -0.10926555842161179 -0.10551860183477402 -0.03723187372088432 0.12781603634357452 0.09420274198055267 -0.0969458520412445 0.05300670862197876 -0.04017149284482002 -0.03616448864340782 0.13290871679782867 0.1368618905544281 0.14648781716823578 -0.07720649987459183 0.08170851320028305 0.15618708729743958 0.10132881253957748 0.11440017074346542 -0.04085034132003784 0.03505219519138336 0.10341671109199524 0.0621003732085228 0.13530991971492767 -0.06446494907140732 0.022155001759529114 0.09773827344179153 -0.035404667258262634 -0.009431523270905018 0.10132656991481781 0.06351591646671295 0.06900414079427719 0.02821691520512104 0.011113397777080536 0.03506958484649658 0.0817708969116211 0.0812050923705101 0.07392634451389313 0.003910588100552559 0.0760909914970398 0.03547172248363495 -0.015155562199652195 0.001969792414456606 0.08134449273347855 -0.02988147735595703 -0.017284749075770378 0.11968667060136795 0.04589412361383438 -0.03746457397937775 0.12998953461647034 0.1050727441906929 0.08139840513467789 -0.022517263889312744 0.16514852643013 0.12827026844024658 0.122626394033432 0.17810307443141937 0.00481201009824872 0.20185025036334991 0.08023813366889954 0.18600383400917053 0.16427502036094666 -0.0014449625741690397 -0.01663072220981121 0.1467980593442917 0.016555780544877052 0.09217967092990875 0.10851453244686127 0.026693016290664673 -0.0029105672147125006 0.10695132613182068 -0.012961320579051971 -0.034454815089702606 -0.12248803675174713 -0.054086677730083466 0.0022017252631485462 0.03816165030002594 0.05433804169297218 0.07670338451862335 0.04414938762784004 -0.03794487565755844 0.045495327562093735 0.1024090051651001 0.014690537005662918 -0.004080384038388729 -0.13635778427124023 0.09714298695325851 -0.004602637141942978 -0.09650599956512451 -0.029126878827810287 -0.15081769227981567 0.04136959835886955 -0.12004105001688004 -0.05827336385846138 -0.09913401305675507 0.02776729315519333 -0.09290096908807755 -0.060714416205883026 -0.15182247757911682 -0.11913339793682098 0.040058888494968414 0.04051639884710312 -0.13199682533740997 -0.12498515844345093 -0.12402600795030594 -0.12359898537397385 0.0837256908416748 -0.025963569059967995 -0.13843068480491638 -0.09419327229261398 -0.045815277844667435 0.030301731079816818 0.012456703931093216 0.031938668340444565 -0.08241426944732666 -0.046430110931396484 -0.010238559916615486 -0.1787693053483963 -0.13814224302768707 0.0032182082068175077 -0.2049224078655243 -0.010402281768620014 -0.17178787291049957 -0.039941105991601944 -0.09060139209032059 0.025459960103034973 -0.08452282100915909 -0.012407231144607067 -0.03959165886044502 -0.08595201373100281 0.015453514643013477 -0.09140109270811081 0.0157475508749485 0.053245555609464645 0.10655121505260468 0.028572700917720795 0.06638358533382416 0.11080227047204971 0.0008160065626725554 0.006174234673380852 0.05363725125789642 0.029370421543717384 0.0760810598731041 0.09385767579078674 0.09562836587429047 -0.003577163442969322 0.005324443802237511 0.09127527475357056 0.13131967186927795 0.006101234350353479 -0.06375674903392792 0.005602221004664898 0.05931363254785538 -0.06862633675336838 0.06263662874698639 0.12674759328365326 -0.011306514963507652 0.013960299082100391 0.07136131078004837 -0.014250175096094608 0.0421936921775341 -0.04631982371211052 0.10533883422613144 0.050662118941545486 0.05867033079266548 0.13306596875190735 -0.023562731221318245 0.10425696521997452 -0.0458587184548378 0.10820747911930084 -0.016094522550702095 0.06458554416894913 0.02100071869790554 0.11844878643751144 -0.09200013428926468 -0.0681796595454216 0.02381228283047676 0.05166064202785492 -0.024020081385970116 0.016085147857666016 0.025441406294703484 0.09212185442447662 0.050783637911081314 0.11868990957736969 -0.019548894837498665 0.048225946724414825 -0.06174736097455025 0.06406786292791367 0.09287857264280319 0.10598887503147125 -0.04889732226729393 0.07604559510946274 0.07770346105098724 -0.1331138014793396 -0.046731311827898026 -0.007104707881808281 0.03470899537205696 0.07353416830301285 0.055446866899728775 0.05457168444991112 -0.02133815735578537 0.06402537226676941 0.006851751357316971 0.002376903546974063 -0.019655082374811172 0.004757948685437441 0.07933501899242401 -0.06078250706195831 0.04054206237196922 -0.1191234439611435 -0.12743155658245087 -0.021251047030091286 -0.019898150116205215 -0.018507394939661026 0.07436282932758331 0.002942748600617051 0.045578278601169586 -0.0573517270386219 0.03459784388542175 0.019652118906378746 -0.14332865178585052 -0.005577744450420141 0.011735397391021252 -0.1309567540884018 -0.06690160185098648 -0.007445936091244221 -0.04233705997467041 0.05670427158474922 -0.09639185667037964 -0.037557847797870636 -0.12436472624540329 -0.12343496829271317 -0.08917328715324402 -0.050510529428720474 -0.12337502092123032 -0.01505252718925476 0.008755452930927277 -0.03180774301290512 -0.1091870591044426 0.03105100803077221 0.011960038915276527 -0.0808756873011589 -0.07239736616611481 -0.09553423523902893 -0.07219573855400085 -0.09077785909175873 -0.05017758905887604 -0.02215055748820305 -0.02834673784673214 -0.01578809693455696 0.06850539892911911 -0.1324913203716278 -0.08788833767175674 0.040941063314676285 0.06881751120090485 0.08734395354986191 0.030105097219347954 0.07203423976898193 0.014023829251527786 -0.09916751086711884 -0.09481145441532135 0.005634627770632505 0.09624484181404114 0.07485645264387131 0.03172091022133827 0.08133748918771744 0.0007698398549109697 0.029106665402650833 -0.04158889129757881 -0.05513038486242294 -0.0780058428645134 -0.07451469451189041 0.021279197186231613 -0.0806918516755104 0.04878969117999077 -0.034877628087997437 -0.05535354092717171 0.10083269327878952 -0.029184475541114807 -0.08721575886011124 0.004965462721884251 0.09472457319498062 -0.057513367384672165 0.0709095150232315 -0.016023091971874237 -0.09926795959472656 -0.005847693420946598 -0.09303058683872223 0.07008959352970123 -0.02121330238878727 0.036510128527879715 -0.031964484602212906 0.03897383064031601 0.033940140157938004 -0.06569189578294754 0.061123792082071304 0.03505190834403038 -0.08535972237586975 0.0831666812300682 0.07020577043294907 0.015361434780061245 0.03410441428422928 0.031385596841573715 -0.04148273542523384 -0.0019714327063411474 -0.02110741101205349 -0.109867163002491 -0.07046186178922653 -0.10000619292259216 -0.015537023544311523 0.05802037566900253
b1 32
0.1005512997508049 0.06088007614016533 0.05064747855067253 -0.001982092158868909 -0.0767674520611763 0.1678437441587448 -0.022430945187807083 -0.12248523533344269 -0.005758514162153006 -0.004454656038433313 0.15663442015647888 0.0867418572306633 0.014164416119456291 0.014557385817170143 0.10964591056108475 0.1109318807721138 0.14878523349761963 0.0906788781285286 0.0031728220637887716 -0.044504012912511826 0.06972169131040573 0.05588925629854202 0.07277850806713104 0.02480170875787735 -0.0786796361207962 0.022855816408991814 -0.1092190071940422 -0.10571911185979843 0.044753674417734146 -0.030082521960139275 -0.0017694674897938967 -0.019533319398760796
W2 1024
0.025230685248970985 0.03844095394015312 -0.15877746045589447 0.017520885914564133 -0.08145102113485336 -0.1745639443397522 0.16148357093334198 0.13195191323757172 -0.00816808920353651 0.04775989428162575 0.03269924595952034 -0.22880522906780243 -0.013021058402955532 0.060351572930812836 -0.12515002489089966 0.07198857516050339 -0.2958262860774994 0.14928238093852997 0.13731347024440765 -0.03830704092979431 -0.11002501100301743 0.0469498485326767 0.08004994690418243 0.11430855840444565 0.062038272619247437 -0.032922256737947464 -0.22815543413162231 -0.2006952464580536 0.025965865701436996 -0.18469253182411194 0.13435977697372437 -0.1520228534936905 -0.01876918412744999 -0.08799153566360474 0.038369886577129364 0.040551140904426575 -0.4894719421863556 -0.03826095908880234 0.09964757412672043 0.10907689481973648 -0.03427785262465477 -0.006171056069433689 -0.06237056106328964 -0.14710770547389984 -0.05247947946190834 0.035906389355659485 0.05017884448170662 -2.1350851397983206e-07 -0.2029924839735031 0.10130573064088821 0.16610486805438995 0.11097579449415207 -0.10413302481174469 -0.11187547445297241 -0.09361165016889572 0.020358022302389145 -0.0631081685423851 0.011753106489777565 -0.16738879680633545 -0.09282757341861725 0.10824970155954361 0.009572023525834084 -0.10854656249284744 -0.03689146041870117 0.10216866433620453 0.14787986874580383 0.005648779682815075 0.02982459031045437 0.13390736281871796 -0.0800480991601944 0.006378801539540291 0.050709743052721024 -0.18715351819992065 -0.06934334337711334 -0.07678786665201187 0.0821194276213646 0.007291867863386869 -0.013876400887966156 0.040207602083683014 0.09409858286380768 -0.10957573354244232 0.02335493639111519 -0.08443102240562439 -0.0156650822609663 -0.04404482617974281 -0.09252449870109558 0.09542310237884521 -0.13675318658351898 -0.03812934085726738 -0.04613742604851723 0.09362862259149551 0.09835835546255112 -0.05329981818795204 0.009320723824203014 -0.14415211975574493 -0.03814065456390381 0.019669152796268463 0.16606144607067108 -0.05171317979693413 -0.13876278698444366 -0.05338263884186745 -0.05635199323296547 0.09263598173856735 -0.02677195705473423 0.01623539626598358 0.004963469225913286 -0.04511000216007233 -0.04257997125387192 -0.022205451503396034 -0.07801185548305511 0.09789865463972092 -0.0032087592408061028 -0.13412880897521973 -0.012899783439934254 -0.06748857349157333 -0.025106145069003105 -0.07060681283473969 -0.12242268025875092 0.16317540407180786 -0.10425984859466553 -0.04734598100185394 -0.07332070916891098 0.014480136334896088 0.0730503723025322 0.07283811271190643 -0.025397581979632378 -0.09852565079927444 0.07043035328388214 0.024338793009519577 0.24057428538799286 0.03077879175543785 0.17211447656154633 0.1905251294374466 -0.02585115097463131 -0.05414105951786041 0.026735760271549225 0.010117201134562492 0.006066450849175453 -0.021768786013126373 -0.04860466718673706 0.008365095593035221 -0.019375305622816086 0.0778922364115715 -0.07638835161924362 -0.040645841509103775 -0.08220972120761871 -0.022853678092360497 -0.04321667551994324 0.026962250471115112 0.016213949769735336 -0.011571366339921951 0.1361391842365265 0.08189867436885834 -0.09395084530115128 0.18113432824611664 0.2690371870994568 -0.34285998344421387 0.1454460322856903 -0.03738585114479065 0.03230923414230347 -0.00016886816592887044 -0.014118267223238945 0.0020962930284440517 -0.00745534198358655 -0.002043807413429022 0.006027205381542444 -0.02259945124387741 -0.015044087544083595 -0.013437291607260704 -0.005130233243107796 0.005355201195925474 0.01161111705005169 0.004411784000694752 -0.015217963606119156 0.00836657453328371 -0.0036746764089912176 0.03742217645049095 -0.0179331973195076 0.005333979148417711 0.00068126549012959 0.006779223680496216 0.013265721499919891 -0.0009647332481108606 -0.0071345544420182705 -0.0026679951697587967 -0.010078529827296734 0.0018983121262863278 -0.005053096450865269 0.010548270307481289 -0.007646513637155294 0.006851864513009787 0.0015495026018470526 -0.042481690645217896 -0.1343410462141037 0.11124411970376968 -0.1605183184146881 -0.38954034447669983 -0.03556817024946213 -0.010250666178762913 0.06648965924978256 -0.086032934486866 0.12882736325263977 0.04429171234369278 -0.052263494580984116 0.08343203365802765 0.1965211033821106 0.006041644141077995 0.1480446606874466 -0.11087021231651306 0.1902112066745758 0.07378450781106949 -0.026241237297654152 -0.15685079991817474 0.07834994047880173 -0.15193983912467957 -0.02944810502231121 -0.09839048236608505 0.049890968948602676 -0.17721939086914062 -0.3353045582771301 0.19657962024211884 -0.0817088782787323 0.1799069494009018 0.09693068265914917 -0.07267364114522934 0.07043609023094177 -0.10343828797340393 0.03735560178756714 0.16844211518764496 -0.07642855495214462 -0.007146615069359541 0.029114030301570892 -0.044251833111047745 -0.059538453817367554 -0.02155245468020439 -0.04578254371881485 -0.044690344482660294 0.051026586443185806 0.14157770574092865 0.09371630102396011 0.012022863142192364 -0.0032460209913551807 0.038685861974954605 -0.061209868639707565 -0.10037106275558472 0.16470909118652344 0.0661822259426117 0.11662248522043228 -0.0001281569857383147 0.11610238254070282 0.13575999438762665 0.1385004222393036 -0.1780266910791397 0.057431355118751526 0.052600082010030746 -0.07097531110048294 0.03861122205853462 0.0033065415918827057 0.19793850183486938 0.09300550818443298 -0.1458999365568161 0.12594559788703918 0.006157630123198032 -0.026265688240528107 0.0624796561896801 0.11023788154125214 0.08895191550254822 0.1610603779554367 0.028829777613282204 -0.08612503856420517 -0.020528186112642288 -0.11445864289999008 -0.04704495891928673 -0.12941546738147736 -0.06802482157945633 0.017957443371415138 0.1556171327829361 0.09708275645971298 0.016079887747764587 -0.001040381845086813 0.00773840444162488 0.03729040548205376 -0.07899048179388046 -0.14836427569389343 0.09350389987230301 -0.02421807125210762 0.136038139462471 -0.04225989803671837 -0.042342036962509155 -0.1223873421549797 -0.03207438811659813 -0.16625632345676422 -0.30154773592948914 -0.181505486369133 0.14657972753047943 -0.0356358103454113 -0.033890217542648315 0.13641954958438873 -0.1958686113357544 -0.25086724758148193 -0.03376728668808937 0.14016520977020264 0.08168653398752213 -0.01983552798628807 -0.2575877904891968 0.1359746754169464 0.06696583330631256 0.015863090753555298 -0.019960928708314896 -0.18653319776058197 -0.012004010379314423 0.08765483647584915 0.10937651246786118 -0.003377788234502077 -0.1542171835899353 -0.08808013051748276 0.1986856907606125 -0.1179831251502037 0.19919747114181519 0.11336443573236465 0.08903022855520248 0.17762595415115356 0.04427593573927879 0.025767220184206963 0.2965211570262909 0.08836796879768372 -0.009931761771440506 0.04602377116680145 -0.07018521428108215 0.04882190749049187 0.14801892638206482 0.05570580065250397 0.0022942456416785717 -0.031549032777547836 0.05388396233320236 0.13582435250282288 0.08259738981723785 -0.15154334902763367 0.062040090560913086 -0.09185760468244553 -0.01215626485645771 -0.02967597171664238 0.010308210738003254 0.08725138753652573 0.07416670024394989 -0.09757823497056961 0.18308226764202118 0.2422221302986145 -0.33703088760375977 0.08052347600460052 -0.02713249996304512 0.023431403562426567 0.027974126860499382 -0.13132093846797943 0.019012652337551117 -0.10254574567079544 0.17110593616962433 -0.004635474178940058 0.08429690450429916 0.02360571175813675 -0.02261429652571678 -0.015598309226334095 0.03463120386004448 0.001921253278851509 -0.010244506411254406 0.1126711294054985 -0.0307308416813612 -0.003547362517565489 0.0021437944378703833 -0.07451684027910233 0.07778222113847733 -0.03793345391750336 -0.0019196467474102974 -0.0323946438729763 -0.05056184157729149 0.018290570005774498 0.017958253622055054 -0.0015730606392025948 0.10722815990447998 0.11834412813186646 -0.10698731988668442 -0.03805244714021683 -0.06491859257221222 -0.06015322357416153 0.062267497181892395 -0.1148017942905426 0.08665792644023895 -0.08082956820726395 0.2164146453142166 0.07182691991329193 0.09002752602100372 0.13934870064258575 -0.007022857666015625 0.14445550739765167 -0.09522437304258347 -0.09992525726556778 -0.06590762734413147 0.1037244200706482 0.15426649153232574 -0.1153470054268837 0.16524454951286316 -0.14779044687747955 -0.0496223159134388 0.018090497702360153 -0.01949559710919857 0.16263309121131897 -0.027029892429709435 0.08331621438264847 0.017853491008281708 -0.1074138954281807 0.11466645449399948 0.12933047115802765 -0.18089322745800018 0.14931544661521912 0.022992007434368134 -0.06534472107887268 0.02677248790860176 0.05728715658187866 0.05644415318965912 -0.07123104482889175 0.17292770743370056 0.04384509101510048 -0.08337735384702682 0.04639503359794617 0.08683688938617706 -0.11389290541410446 0.03268210589885712 0.102898970246315 0.024259129539132118 -0.21303671598434448 -0.04277411848306656 0.012462841346859932 0.088199682533741 -0.07739945501089096 -0.016604749485850334 -0.08804836869239807 0.0756131038069725 0.141250878572464 0.06117638945579529 -0.02859978750348091 -0.07552184909582138 -0.0534210242331028 0.13915905356407166 0.11326833814382553 0.059284426271915436 0.15428735315799713 -0.13756731152534485 -0.11838120967149734 -0.00834374688565731 -0.0009133912390097976 0.103592649102211 0.10677456855773926 -0.13124044239521027 -0.07759495079517365 0.01707845740020275 -0.06622787564992905 0.011114195920526981 0.09767933934926987 0.10223647207021713 0.07378280907869339 -0.02429179474711418 -0.1739041805267334 -0.12194083631038666 -0.027597473934292793 -0.10329043865203857 0.08552761375904083 0.12224067747592926 -0.05763625353574753 -0.07051468640565872 0.05382072925567627 0.08160813897848129 0.07179662585258484 -0.008844928815960884 0.022035084664821625 -0.09612293541431427 0.0971912145614624 -0.19644850492477417 -0.09578129649162292 0.12814804911613464 -0.11041005700826645 0.12451166659593582 -0.007438884116709232 0.09725002944469452 0.06416530162096024 -0.2138720452785492 0.16726137697696686 -0.061325687915086746 -0.1433064043521881 -0.06545679271221161 -0.10795857757329941 0.1577244997024536 0.1532648503780365 0.06521240621805191 -0.09168306738138199 -0.05432602018117905 0.07973067462444305 -0.01828696019947529 0.15629367530345917 0.12074990570545197 -0.03726707026362419 0.1705276370048523 0.06667973101139069 0.06389689445495605 0.04428531229496002 -0.1807800978422165 0.08981630206108093 0.047309745103120804 -0.03720087558031082 -0.08452112972736359 -0.03713834285736084 0.15615081787109375 0.02005685679614544 0.01941078156232834 -0.09083481878042221 -0.016357384622097015 -0.15579962730407715 0.03991813212633133 -0.03429168835282326 0.08563122898340225 -0.04657023772597313 0.04472872614860535 -0.0128632215783 -0.005288168787956238 -0.022403568029403687 0.024087807163596153 -0.09522517025470734 0.041423771530389786 0.09908106923103333 -0.012278919108211994 -0.0732550323009491 0.0340447835624218 0.020625131204724312 -0.022460157051682472 -0.10625071078538895 -0.01664043590426445 0.0035754127893596888 0.011220907792448997 0.09310471266508102 -0.13760283589363098 0.12069755047559738 0.00639843987300992 -0.04719214886426926 -0.022515149787068367 0.04876799136400223 0.05980431288480759 0.09622695297002792 0.07999108731746674 -0.08022727072238922 -0.32707589864730835 -0.06092403084039688 0.23514755070209503 0.09891554713249207 -0.05682991445064545 0.02683689445257187 -0.31378206610679626 -0.15369214117527008 -0.049318376928567886 0.007382876239717007 0.10846776515245438 -0.04990777745842934 -0.28643399477005005 -0.04205746203660965 -0.03551577404141426 -0.009528548456728458 -0.03582754358649254 -0.16943886876106262 0.11985176056623459 0.05755577236413956 0.07828844338655472 0.07286711782217026 -0.3077629804611206 -0.253142386674881 0.06413733214139938 -0.052529092878103256 0.028481516987085342 -0.006065878551453352 0.05312865227460861 -0.1595451533794403 -0.0889224112033844 -0.015288617461919785 -0.007277229800820351 0.09141264855861664 -0.002604359295219183 0.13229627907276154 -0.026356225833296776 0.13537243008613586 0.07350068539381027 0.10399084538221359 -0.06399162858724594 0.0336187481880188 0.09077281504869461 -0.40537628531455994 0.12625066936016083 -0.15718123316764832 -0.09299132227897644 -0.11019676178693771 0.1356661170721054 -0.02592804841697216 -0.08841297030448914 0.0309402234852314 0.091606505215168 -0.06449630111455917 -0.14058445394039154 -0.0932900607585907 0.03869727998971939 0.14906463027000427 0.012968827970325947 -0.04517039656639099 -0.019215382635593414 -0.06789214164018631 -0.11252469569444656 -0.1766461282968521 -0.38230547308921814 -0.18990159034729004 0.12692804634571075 -0.05415589362382889 -0.033961039036512375 0.06617625057697296 -0.0705198124051094 -0.13372184336185455 -0.03173540160059929 0.19257374107837677 -0.08925694972276688 -2.3488976504449464e-36 -0.17761118710041046 0.1910838484764099 -0.08782099932432175 -0.018901871517300606 -0.07029717415571213 -0.02314765937626362 0.0077634346671402454 -0.12116042524576187 -0.005020393989980221 0.0008456911891698837 -0.3577767312526703 -0.10264158993959427 0.16348302364349365 -0.055731549859046936 -0.05825668200850487 -0.03916281461715698 -8.350422133276969e-14 5.2053509072558235e-12 -4.807263629191546e-25 -5.0761681080757626e-08 -1.5411136993284669e-12 -1.3619471701531438e-06 -1.2685288375280379e-08 -6.849982270296096e-08 4.0121303612750125e-08 -2.844966948506706e-18 -2.1130899696686356e-08 -5.308661549790145e-23 7.838563377419227e-27 1.348870745865793e-15 1.9866361566879195e-14 -1.977590216029057e-07 3.148280247611268e-13 -1.3043319313510437e-07 -4.851534815423696e-20 -4.019606696104017e-12 -3.940833037380301e-28 2.7555542483209683e-12 3.6209790721386526e-10 1.2737731605160646e-13 -4.57982142606974e-14 1.3432785699735161e-12 -6.283117689326323e-12 1.3164506377366658e-12 4.523214357968725e-19 6.5272080275458055e-12 -1.9782286074321347e-20 6.046660568082007e-14 0.047334011644124985 -0.001379349734634161 -0.09722784906625748 0.1091240867972374 0.18337395787239075 -0.10444477945566177 0.12520796060562134 -0.13240952789783478 0.08742016553878784 -0.11305484920740128 0.03147910535335541 0.06598455458879471 -0.09391440451145172 0.0319250263273716 0.00886063277721405 0.0584258958697319 -0.15536004304885864 -0.11318226903676987 0.15704502165317535 -0.14785778522491455 0.05541577190160751 -0.011180884204804897 -0.10511776059865952 0.013191292062401772 0.08453566581010818 -0.009959777817130089 0.19238047301769257 0.17106463015079498 -0.04286623373627663 0.09855274111032486 0.12760914862155914 -0.09081906825304031 0.10359644889831543 0.08835066854953766 0.06499631702899933 0.1718243658542633 -0.19460779428482056 0.13991862535476685 -0.004899272695183754 -0.12889812886714935 0.0904613584280014 0.0567588172852993 -0.050623681396245956 -0.08522588759660721 0.06328325718641281 0.14342334866523743 -0.01937265694141388 -0.04515942186117172 -0.06466137617826462 0.15970538556575775 -0.011916358955204487 -0.09557738900184631 0.0905749648809433 0.025802206248044968 0.1432468593120575 0.07372898608446121 -0.11930269747972488 0.0006339777610264719 0.07727483659982681 -0.038265883922576904 0.2067890465259552 0.05103583633899689 0.07538183778524399 -0.062097351998090744 -0.10528489947319031 -0.08672584593296051 0.034815333783626556 -0.13962554931640625 -0.35714462399482727 -0.12154732644557953 0.12170401960611343 -0.10287762433290482 -0.06993730366230011 0.0678577572107315 -0.0346873477101326 -0.12116754055023193 -0.054952919483184814 0.019864482805132866 -0.12754356861114502 0.03606180474162102 -0.21861055493354797 0.10963170975446701 0.08422327041625977 -0.010354353114962578 -0.1553950309753418 -0.14409051835536957 -0.13712403178215027 -0.00180913251824677 -0.04042752459645271 -0.03453708440065384 -0.24260036647319794 -0.15797394514083862 0.12693339586257935 0.015485222451388836 -0.05561157688498497 -0.06590122729539871 0.1423570215702057 0.10977436602115631 0.1612495630979538 0.05462787672877312 0.11466912925243378 -0.017282066866755486 -0.038463085889816284 -0.03450148552656174 -0.1267533004283905 0.1406070441007614 0.09955506026744843 0.04401901736855507 0.06466910243034363 0.11195605993270874 -0.1606583297252655 -0.14384129643440247 0.05743906646966934 -0.024938546121120453 -0.11361146718263626 -0.06984185427427292 0.12598435580730438 -0.07887567579746246 0.12842629849910736 0.10745244473218918 -0.004763538017868996 -0.037712786346673965 0.12926338613033295 -0.0638657733798027 -0.0058588082902133465 -0.0005407240823842585 0.09301483631134033 0.14359083771705627 -0.013211291283369064 -0.04995753616094589 0.08429103344678879 -0.05454740300774574 -0.21129906177520752 -0.013551629148423672 0.05387428402900696 0.012002007104456425 -0.00989755243062973 0.061721377074718475 -0.030977491289377213 -0.0444282628595829 0.005098408088088036 0.07838435471057892 0.04904399439692497 -0.0016170168528333306 -0.027642227709293365 -0.020058035850524902 -0.06428807973861694 -0.047553110867738724 -0.03531358391046524 -0.04252735152840614 0.05956720933318138 -0.055590931326150894 -0.0664040818810463 0.000867843977175653 -0.07116992026567459 -0.023104220628738403 0.12731802463531494 0.11541195958852768 -0.08304387331008911 0.05755821615457535 0.03531929850578308 0.12105367332696915 -0.08969894051551819 0.1638602614402771 -0.43609845638275146 -0.05803700163960457 0.0504547543823719 0.05746123567223549 -0.032740335911512375 -0.1264341175556183 -0.03979439660906792 -0.14930102229118347 0.0122069688513875 -0.10194434970617294 0.08294180780649185 -0.0030185896903276443 -0.18214066326618195 0.14953626692295074 -0.015295995399355888 0.10344824194908142 -0.07800866663455963 0.05567767098546028 0.0371522419154644 0.05566835775971413 0.13505499064922333 0.012692024931311607 -0.17945100367069244 -0.14150938391685486 -0.00022114870080258697 -0.02932698093354702 0.10043167322874069 -0.05334073677659035 0.0009925116319209337 0.021728331223130226 -0.0602119080722332 -0.18608564138412476 -0.2502477765083313 0.02131575532257557 0.12497544288635254 -0.004944767337292433 -0.010661667212843895 0.09372125566005707 0.017886413261294365 0.015345530584454536 0.019818652421236038 -0.0500209778547287 -0.104611337184906 3.962283348532321e-34 -0.0189767237752676 0.13589361310005188 -0.04859429970383644 0.02235030196607113 -0.014441410079598427 -0.0038024787791073322 -0.030292242765426636 0.04568440094590187 -0.012798173353075981 -5.261641717879684e-07 -0.0769645944237709 -0.0586211271584034 -0.09606638550758362 -0.0013090316206216812 -0.1365719437599182 0.08779464662075043 -0.0003747527371160686 -0.0037861994933336973 0.05841423198580742 0.03485027700662613 -0.4549473822116852 -0.026763807982206345 0.1837819218635559 0.20856311917304993 -0.10112396627664566 -0.005312948953360319 0.009695794433355331 0.042908795177936554 -0.009476233273744583 0.003271408611908555 -0.14628727734088898 0.11250858008861542 -0.24470458924770355 -0.027019551023840904 -0.11189969629049301 0.04372099041938782 0.019656233489513397 0.04770493879914284 0.08586902916431427 -0.1151178777217865 0.030152292922139168 -0.11230651289224625 -0.3161836862564087 -0.15405693650245667 0.0771135464310646 0.0831080749630928 -0.016880331560969353 -0.0781310573220253 -0.03409981727600098 -0.1695748120546341 -0.16248123347759247 0.03985552862286568 -0.059986889362335205 -0.0599447563290596 0.22200167179107666 0.06457396596670151 -0.03280855715274811 0.16560794413089752 -0.12957043945789337 -0.2232660949230194 -0.14014635980129242 0.06544674932956696 -0.10031606256961823 -0.0036407269071787596 -0.085043765604496 0.11769843101501465 -0.07327304035425186 -0.09700078517198563 -0.1555962711572647 -0.1471461057662964 -0.09270666539669037 -0.10506759583950043 0.1099829226732254 -0.015452571213245392 0.05295626446604729 -0.12882572412490845 0.12896744906902313 0.12853944301605225 -0.04225153475999832 -0.05466850847005844 0.00696086511015892 0.11322230100631714 0.05615205317735672 0.10073372721672058 0.3051523268222809 -0.025805948302149773 -0.054868459701538086 0.14061938226222992 -0.15185442566871643 0.15423941612243652 -0.004889792762696743 -0.04623950272798538 0.06870986521244049 -0.03588429465889931 -0.0977916568517685 0.12528148293495178 0.05882176756858826 0.04768788069486618 0.09163833409547806 -0.07375020533800125 -0.06335420161485672 -0.10057718306779861 -0.031046193093061447 0.0865287110209465 0.044655125588178635 -0.04816634953022003 0.18877752125263214 0.3148047924041748 -0.03846230357885361 -0.01151348277926445 -0.09990635514259338 -0.0753973051905632 0.0652657225728035 0.11162883788347244 0.03227701410651207 -0.1377708911895752 -0.16465376317501068 -0.04243142157793045 0.00036942027509212494 0.13070057332515717 -0.024881696328520775 0.058930039405822754 0.03598513454198837 0.01629435457289219 0.046839479357004166 0.1326155811548233 -0.03851918503642082 -0.006490058731287718 -0.055575549602508545 -0.01572151482105255 -0.03737761080265045 0.05920572951436043 0.03604830056428909 -0.03147004172205925 -0.040753114968538284 0.03964928910136223 -0.10120577365159988 -0.030371619388461113 0.03411450982093811 -0.17420247197151184 0.0054278005845844746 0.04906177148222923 -0.061861004680395126 0.02162555605173111
b2 32
0.13839061558246613 -0.030467377975583076 -0.1328902691602707 0.12951770424842834 0.07802126556634903 -0.003109785495325923 0.07502800226211548 0.03545192629098892 0.11200705915689468 -0.0003189949202351272 0.1430768221616745 -0.03746545687317848 0.09604138135910034 0.00897880457341671 -0.0477188304066658 -0.11925780028104782 -0.06346246600151062 0.13190937042236328 -0.016910741105675697 -0.11178243905305862 -8.318045274791075e-08 0.1091122254729271 -0.07595128566026688 0.179119274020195 0.08749647438526154 -0.10695723444223404 0.03990369662642479 -0.13905979692935944 0.08332793414592743 0.06383071839809418 -0.08276920020580292 0.04466874152421951
W3 32
0.12690746784210205 0.19434240460395813 -0.13701778650283813 0.03208210691809654 0.2286645770072937 0.011460798792541027 0.26497459411621094 -0.1682787984609604 -0.17149889469146729 0.12000652402639389 0.16519367694854736 -0.007557519245892763 -0.15802118182182312 0.11397711932659149 -0.03411012887954712 -0.0891835168004036 -0.06275727599859238 0.3076212704181671 -0.09797682613134384 0.1936112493276596 1.650388625762389e-08 -0.14333760738372803 0.16779960691928864 0.13647077977657318 -0.10391680896282196 0.021897055208683014 0.15525509417057037 0.03316890448331833 0.22988104820251465 0.1487358808517456 -0.16836795210838318 0.015950441360473633
b3 1
-0.0019340376602485776
