input_dim 64
hidden 32
log_input 1
y_mean 1.5705208778381348
y_std 3.490884780883789
x_mean 64
0.864966630935669 0.9472252130508423 1.0078340768814087 1.053044080734253 1.0893652439117432 1.1202517747879028 1.1467732191085815 1.1704903841018677 1.191954493522644 1.2118884325027466 1.2307230234146118 1.2481310367584229 1.2649883031845093 1.2808610200881958 1.2962123155593872 1.310837745666504 1.3253501653671265 1.3395167589187622 1.3533895015716553 1.3668241500854492 1.3799691200256348 1.3928050994873047 1.4058895111083984 1.418278694152832 1.4305872917175293 1.4425783157348633 1.4546090364456177 1.4657659530639648 1.4774142503738403 1.4887727499008179 1.4996062517166138 1.5106558799743652 1.5211033821105957 1.5314910411834717 1.5421088933944702 1.5521399974822998 1.5621535778045654 1.572200894355774 1.5828883647918701 1.5940864086151123 1.6043031215667725 1.6140389442443848 1.624074101448059 1.6353856325149536 1.6460545063018799 1.6567689180374146 1.6678308248519897 1.6786961555480957 1.6883373260498047 1.7001471519470215 1.7117946147918701 1.7236621379852295 1.7365138530731201 1.7489508390426636 1.7620872259140015 1.7761458158493042 1.7903896570205688 1.8055163621902466 1.822237491607666 1.84239661693573 1.8653112649917603 1.890781283378601 1.9229915142059326 1.9752655029296875
x_std 64
0.3819812536239624 0.3917216658592224 0.3934435248374939 0.3958203196525574 0.3971419036388397 0.3986457884311676 0.40041372179985046 0.4025578200817108 0.40464475750923157 0.4072135388851166 0.409443199634552 0.4118192791938782 0.41437646746635437 0.4169822037220001 0.41994258761405945 0.422554612159729 0.42543137073516846 0.42861321568489075 0.4315941631793976 0.43451815843582153 0.4374747574329376 0.4403422176837921 0.44329530000686646 0.4460916817188263 0.4488617479801178 0.4518248736858368 0.45439571142196655 0.4569728374481201 0.45954984426498413 0.46215954422950745 0.4647574722766876 0.46721935272216797 0.46975091099739075 0.47209182381629944 0.4743383228778839 0.4765164852142334 0.4787215292453766 0.48076218366622925 0.48219117522239685 0.48370835185050964 0.4852985441684723 0.48690247535705566 0.48826494812965393 0.4889756739139557 0.48970526456832886 0.490192174911499 0.4904182553291321 0.49072545766830444 0.4916084408760071 0.4912888705730438 0.4911413788795471 0.49132779240608215 0.49017080664634705 0.4898730218410492 0.4891452491283417 0.4882258176803589 0.4871632158756256 0.48596739768981934 0.4838091731071472 0.4800163507461548 0.4756973683834076 0.4715924859046936 0.4668157696723938 0.4556252360343933
W1 2048
-0.21215176582336426 -0.09540130943059921 0.06158780679106712 -0.11437690258026123 -0.07955923676490784 -0.09297999739646912 -0.05009682849049568 0.07854270935058594 0.14122670888900757 0.025864701718091965 -0.06302791088819504 -0.00797335896641016 -0.01308531779795885 0.03236225247383118 0.013527567498385906 0.11750344932079315 0.09628669172525406 0.05172554776072502 -0.034349944442510605 -0.09783412516117096 0.01270050648599863 -0.023081276565790176 0.1089433804154396 0.13696880638599396 0.07532189041376114 -0.08838881552219391 -0.07041846215724945 0.05067446082830429 0.032941434532403946 0.0200320053845644 0.03386729210615158 -0.03556051477789879 0.006731314118951559 0.1538654863834381 -0.08499636501073837 0.1212027296423912 0.14591407775878906 0.07175414264202118 -0.03619825467467308 0.009582716971635818 0.05484943836927414 0.138931006193161 -0.047864336520433426 -0.09060866385698318 0.008166608400642872 -0.057540614157915115 -0.03611917048692703 0.04252103716135025 -0.09463567286729813 0.015157089568674564 0.03903892636299133 0.07978895306587219 -0.02030985988676548 -0.01247429009526968 0.12689608335494995 0.060666970908641815 0.14218798279762268 0.11474701762199402 0.08598562330007553 -0.03972332924604416 0.05114920064806938 -0.014997829683125019 -0.08751794695854187 -0.011300986632704735 0.2547583281993866 0.17708085477352142 0.12455596774816513 0.04378754273056984 0.05353029817342758 0.1323147863149643 0.022272637113928795 0.11318903416395187 -0.012504399754106998 0.054325707256793976 0.06552182883024216 -0.09207786619663239 0.12073283642530441 -0.08521071821451187 0.05931093916296959 0.004896652419120073 -0.022807804867625237 -0.026293279603123665 -0.11457328498363495 -0.12384988367557526 -0.13412466645240784 -0.02215782180428505 0.05032474920153618 -0.10700572282075882 -2.5944478693418205e-05 0.07538652420043945 -0.05768681317567825 -0.07662127912044525 0.02024434506893158 -0.08732761442661285 0.07480153441429138 0.0779787227511406 0.018626131117343903 -0.07548453658819199 0.03868778422474861 -0.08556592464447021 0.0590570904314518 -0.08595696836709976 -0.09233462810516357 0.042013414204120636 -0.06251835078001022 -0.06044105067849159 -0.13082608580589294 0.0531952902674675 0.03609417751431465 0.05121598020195961 0.04068742319941521 -0.10481497645378113 0.0941353514790535 0.05667933076620102 0.06612368673086166 0.06966012716293335 -0.08446424454450607 -0.017829732969403267 -0.09578490257263184 0.05431933328509331 0.0450613796710968 -0.004297106992453337 0.04980316758155823 0.04638483002781868 -0.05159984529018402 -0.05276620760560036 -0.10476519912481308 0.07171205431222916 -0.13799910247325897 -0.13652369379997253 -0.15045005083084106 -0.13082878291606903 0.03173770383000374 -0.05619213357567787 0.07717728614807129 -0.021138999611139297 -0.060011688619852066 0.08897954225540161 0.056798987090587616 0.1258077472448349 -0.09935405850410461 0.10539310425519943 -0.05818541347980499 0.13010984659194946 0.11601914465427399 0.13827720284461975 0.027865204960107803 0.07019291073083878 0.05970153585076332 -0.058190200477838516 -0.038946520537137985 -0.053226687014102936 0.04631056264042854 -0.07375289499759674 -0.030421210452914238 -0.034403324127197266 0.07816071808338165 0.10890571773052216 0.05366816744208336 -0.00879490002989769 -0.08658365905284882 0.10944411158561707 0.00035919382935389876 0.0223331730812788 0.049758899956941605 0.008835007436573505 0.0832991823554039 -0.009647201746702194 0.09230348467826843 0.05462856963276863 0.11058925837278366 -0.06697597354650497 0.07800906151533127 0.06221259757876396 -0.051985546946525574 0.1242179200053215 0.026051731780171394 -0.009202429093420506 -0.10119928419589996 -0.07086344063282013 0.056189391762018204 0.05038643255829811 -0.04806339740753174 -0.011848783120512962 0.009575956501066685 0.08085501194000244 -0.06865254789590836 -0.01850941590964794 0.007148680742830038 -0.004055820871144533 -0.018232999369502068 0.047068871557712555 -0.047288764268159866 0.01753471978008747 0.028646206483244896 0.0442441888153553 0.017387377098202705 -0.059699252247810364 0.04075394570827484 -0.02570509910583496 0.02284443937242031 0.000316166173433885 -0.00995618011802435 0.03854909539222717 -0.03608076646924019 -0.04547533765435219 -0.04774102196097374 0.03400874510407448 -0.001139182480983436 0.015807639807462692 -0.031200483441352844 0.016802070662379265 0.013853687793016434 0.009380442090332508 -0.0409916490316391 0.01622353121638298 0.026288898661732674 -0.02576521597802639 -0.007339617237448692 -0.02556513622403145 -0.007744570728391409 0.016429554671049118 0.009582938626408577 0.008420932106673717 -0.018429934978485107 0.01752651482820511 -0.022044895216822624 -0.01262865960597992 0.02653525024652481 0.01943778060376644 -0.017091920599341393 0.010789969004690647 -0.02154531329870224 0.02907065860927105 -0.0011780193308368325 0.00446245726197958 0.02676844410598278 -0.019414247944951057 -0.008933646604418755 0.005431980360299349 0.0009261024533770978 -0.0005756707396358252 0.0007724459865130484 0.019373150542378426 -0.022451650351285934 0.010025890544056892 -0.005967310629785061 0.014596676453948021 -0.0014375480823218822 -0.01817593351006508 0.03634599968791008 -0.022178225219249725 0.031083356589078903 -0.02553514763712883 0.004597240127623081 -0.02018115296959877 -0.09206458926200867 -0.16533783078193665 -0.14124472439289093 -0.09380152821540833 -0.08605877310037613 -0.07328540831804276 0.08728634566068649 -0.08007542043924332 0.07209945470094681 -0.003257096279412508 0.055014654994010925 0.06597772985696793 -0.05174426734447479 0.07144439220428467 -0.028126103803515434 0.007615374866873026 -0.09028494358062744 -0.11342315375804901 0.08833203464746475 -0.08990418910980225 -0.08334646373987198 -0.10945399850606918 0.12118396908044815 0.03819221258163452 0.07193773239850998 0.10524754971265793 0.0652807280421257 0.07266857475042343 0.06770314276218414 0.02605394646525383 -0.025759924203157425 0.003125690156593919 0.13965323567390442 0.045432399958372116 0.018907766789197922 -0.0657799169421196 -0.02999809756875038 -0.031998444348573685 0.13611707091331482 0.061712123453617096 0.1488087773323059 0.10385404527187347 0.0017193225212395191 -0.02098652347922325 0.0004751801025122404 0.12591148912906647 -0.09043801575899124 -0.07017571479082108 0.07948363572359085 0.09001774340867996 -0.014848618768155575 0.139557346701622 0.047955092042684555 0.034925784915685654 -0.02902124635875225 -0.06384992599487305 0.050827644765377045 0.08050211519002914 0.061824049800634384 -0.07056020945310593 -0.09014131873846054 0.04295194521546364 -0.07424090802669525 0.02572277933359146 0.1912548691034317 0.02697584591805935 0.16555380821228027 0.06826338917016983 0.1352693736553192 -0.06096765771508217 0.03662547841668129 -0.1159137412905693 -0.12786643207073212 -0.04018634185194969 0.06959771364927292 -0.0062210941687226295 0.09680293500423431 -0.03638731688261032 0.0524178072810173 0.10794830322265625 -0.04880905896425247 -0.01682364009320736 0.050932876765728 0.00902599561959505 0.019731102511286736 0.008113102056086063 -0.07559140026569366 0.004577007610350847 -0.03797534108161926 0.027621658518910408 0.09185688197612762 -0.040317878127098083 -0.062014784663915634 -0.0017969552427530289 0.04663042351603508 -0.06469985842704773 -0.11837460100650787 -0.09943842142820358 0.0009288763394579291 0.0481293611228466 0.07127520442008972 -0.11478744447231293 -0.12872916460037231 0.04738963395357132 0.002236149273812771 -0.07493860274553299 0.07589162886142731 0.05253492295742035 0.09280288964509964 0.06656742841005325 -0.03169228509068489 0.0339837484061718 0.05800440534949303 -0.031018435955047607 0.06923793256282806 0.0015283134998753667 0.10467701405286789 0.06841842085123062 -0.02981775440275669 -0.07036136835813522 0.10193368047475815 -0.06305002421140671 0.11707982420921326 -0.015695499256253242 0.09667149931192398 -0.07786687463521957 0.12541784346103668 0.03794984892010689 0.07288264483213425 -0.018914449959993362 0.01792432740330696 -0.09108129143714905 -0.051062192767858505 -0.03817224130034447 -0.08698294311761856 -0.09174497425556183 0.04991549253463745 -0.11292240023612976 0.05537271872162819 -0.060563068836927414 -0.06255066394805908 -0.025638120248913765 0.009418820030987263 -0.015052184462547302 0.04684320464730263 -0.09542310237884521 -0.004066531080752611 -0.08786311000585556 -0.0791507139801979 -0.12250373512506485 -0.06481710821390152 -0.11978617310523987 -0.08848096430301666 -0.07882004231214523 -0.00913588609546423 -0.07180783152580261 0.015232031233608723 -0.08827003091573715 -0.017711831256747246 -0.07574057579040527 -0.09187061339616776 -0.05068199709057808 -0.11959454417228699 -0.11298418790102005 0.016913793981075287 -0.010379137471318245 -0.08012665063142776 -0.12532241642475128 -0.027846159413456917 0.01641410030424595 0.04791203886270523 -0.08070062845945358 -0.002233271487057209 0.049222733825445175 -0.03844917193055153 -0.03282609581947327 -0.004250606521964073 -0.04125768318772316 -0.024141769856214523 -0.013956419192254543 -0.054340314120054245 0.07411612570285797 0.008265825919806957 0.005266972351819277 -0.0008386363042518497 0.0711771547794342 0.02698300965130329 0.0800502672791481 0.08558440208435059 -0.034212395548820496 -0.008707430213689804 -0.04440154880285263 0.23987962305545807 0.14801640808582306 0.11272196471691132 0.1181269958615303 -0.048397939652204514 0.022677753120660782 -0.022297127172350883 0.04817379638552666 0.06910185515880585 -0.029909703880548477 0.08013615757226944 0.0777447372674942 0.010791126638650894 0.020025569945573807 0.006256473250687122 0.10959375649690628 -0.11855379492044449 0.06420537084341049 0.09106048941612244 -0.05310548469424248 -0.1003112643957138 0.02595045417547226 0.024512438103556633 -0.10211215913295746 -0.0965130403637886 0.012901073321700096 -0.06714120507240295 -0.003717683954164386 0.05908576399087906 0.08817395567893982 0.0826772153377533 0.0941930040717125 -0.0024820545222610235 0.014243842102587223 0.021271394565701485 -0.13303154706954956 0.09380307048559189 -0.0746832937002182 -0.13881713151931763 0.046541959047317505 -0.03754907101392746 0.028367238119244576 -0.05383261665701866 0.020594319328665733 0.09392312914133072 0.07200078666210175 -0.10656207799911499 0.06465467810630798 -0.11871109157800674 -0.037799444049596786 0.059609945863485336 0.036230430006980896 -0.04747811332345009 -0.07194572687149048 0.10170188546180725 -0.07352834194898605 0.08970455825328827 -0.08519397675991058 -0.005950212944298983 0.01371017936617136 -0.0872950404882431 -0.062379855662584305 0.06644640862941742 0.15793733298778534 0.02314692549407482 0.09236995875835419 0.012078925967216492 0.07126522809267044 0.08327428996562958 0.15185093879699707 0.14077943563461304 0.07204943895339966 -0.10606833547353745 -0.03863491117954254 -0.09041845798492432 0.017598090693354607 -0.053861238062381744 0.09768698364496231 0.11301149427890778 -0.11980321258306503 -0.10271759331226349 0.08316696435213089 -0.03324729576706886 0.10365817695856094 0.07427055388689041 0.0970238447189331 0.05673763528466225 -0.14443545043468475 0.06262899190187454 0.04705467075109482 0.04386042803525925 -0.14141632616519928 -0.07249929755926132 -0.11274589598178864 0.06664268672466278 0.07860729843378067 0.007118221838027239 -0.09025533497333527 0.07745394110679626 -0.06534571945667267 0.026364818215370178 -0.16972365975379944 -0.009832934476435184 -0.10056976228952408 0.03330288827419281 -0.047074366360902786 -0.06251809000968933 0.020834505558013916 -0.04466139152646065 -0.01303497701883316 -0.04938468709588051 -0.03512175381183624 -0.01728113368153572 -0.05546651780605316 -0.13216574490070343 -0.049153294414281845 -0.015030075795948505 0.07949960231781006 -0.11896495521068573 -0.05766834691166878 0.07699321955442429 -0.0560004785656929 0.0783308669924736 0.06041897460818291 0.06997735053300858 0.01649978570640087 0.00823147688060999 -0.08053189516067505 0.21658965945243835 0.17290052771568298 0.19823624193668365 0.17494453489780426 0.01245832722634077 -0.07545973360538483 -0.0759529247879982 -0.10000693053007126 0.05449562147259712 0.06126348301768303 0.08845508843660355 0.01493043452501297 0.10604153573513031 0.08665695041418076 -0.12286650389432907 0.03616064786911011 0.07279844582080841 -0.029818998649716377 0.08282367885112762 -0.1370895653963089 -0.10336331278085709 0.059499647468328476 0.05290808528661728 -0.07541898638010025 0.013757964596152306 -0.0034185333643108606 0.016024282202124596 -0.12076452374458313 0.03311224281787872 -0.04274214804172516 -0.052314698696136475 -0.05217316374182701 -0.012994024902582169 0.005374935455620289 -0.14905232191085815 0.0685523971915245 0.0003050866653211415 -0.1429724246263504 0.014132523909211159 -0.14392316341400146 -0.02299892157316208 -0.12761440873146057 -0.10355984419584274 -0.12153927236795425 -0.09165666997432709 0.04645426943898201 0.05149320513010025 -0.07775093615055084 -0.039678603410720825 -0.09048817306756973 0.03780125454068184 0.07766588032245636 0.027439961209893227 -0.0019472689600661397 -0.11750378459692001 -0.0654202476143837 -0.09857786446809769 0.01636638678610325 -0.08823846280574799 0.0451686829328537 -0.02105657570064068 -0.024977024644613266 -0.0794159397482872 0.01958988979458809 0.12115171551704407 0.027359670028090477 0.11174967139959335 0.0009471819503232837 -0.04612228274345398 0.05863875895738602 0.02103150263428688 0.01716809906065464 0.06550069898366928 0.11333353072404861 0.05289214104413986 0.05301612615585327 0.13702687621116638 -0.074629046022892 0.1405840367078781 -0.08010677248239517 -0.028175078332424164 0.15806864202022552 -0.05054838955402374 -0.06531759351491928 -0.08570349961519241 -0.052933331578969955 -0.07635977119207382 0.12286057323217392 0.02030051499605179 0.007979878224432468 -0.10281983762979507 -0.09392663091421127 0.08072999864816666 0.10687185078859329 -0.07054276764392853 -0.08553479611873627 0.04078217223286629 -0.006312503479421139 -0.09590299427509308 -0.09498985856771469 0.0885545164346695 -0.06951543688774109 -0.051545705646276474 -0.00779456552118063 -0.01724483259022236 -0.03623431175947189 -0.1083006039261818 -0.14023418724536896 0.03604666516184807 -0.10816486924886703 -0.08590563386678696 -0.08264084160327911 -0.189286008477211 -0.16071154177188873 0.01382339559495449 -0.1687580794095993 -0.05566099286079407 -0.18231990933418274 -0.008010695688426495 -0.20135630667209625 -0.17166617512702942 -0.1931517869234085 -0.16453999280929565 -0.0027819823008030653 0.005496919620782137 -0.03311513736844063 -0.18236969411373138 -0.29578593373298645 -0.051794447004795074 -0.19301553070545197 0.021880565211176872 -0.053660258650779724 -0.053319189697504044 -0.009766741655766964 0.01286370400339365 -0.11436667293310165 0.0067838323302567005 0.04215492680668831 -0.07068812102079391 -0.10277234017848969 0.03793500363826752 0.016927003860473633 0.09120787680149078 0.0642051175236702 -0.06366182863712311 0.03902500867843628 0.03549749776721001 0.026438863947987556 -0.0015870379284024239 -0.10237710922956467 -0.1020708978176117 -0.06929245591163635 -0.10207861661911011 0.07708176970481873 -0.05002075061202049 0.09794466197490692 0.012868051417171955 0.10254966467618942 0.009204056113958359 0.04851250350475311 0.0253426693379879 -0.020123593509197235 0.06016504019498825 0.11129645258188248 -0.07127594947814941 0.0015422201249748468 -0.04392321780323982 0.10349707305431366 -0.02856994792819023 0.09590817987918854 0.037793468683958054 0.029251249507069588 0.04854962229728699 -0.07674103230237961 -0.07839085161685944 -0.06386867165565491 0.0554366409778595 0.14530225098133087 0.14151707291603088 0.07461050152778625 0.07558243721723557 0.15698567032814026 0.09209290891885757 -0.02781021036207676 0.12297467142343521 0.10911957919597626 0.09040891379117966 0.09116232395172119 0.013903803192079067 0.12559334933757782 0.103853240609169 0.12132931500673294 -0.0254763662815094 -0.07208660989999771 0.017162449657917023 0.0025566457770764828 -0.09526881575584412 0.06278306990861893 0.04094715416431427 -0.0791996642947197 -0.002122831530869007 -0.08684676140546799 -0.08693397045135498 -0.1074816957116127 -0.04471951723098755 0.023350855335593224 0.05112526938319206 -0.10845956951379776 -0.08823905885219574 -0.04407915472984314 0.05827297270298004 0.0010530842700973153 -0.09741413593292236 0.022418981418013573 -0.030909765511751175 -0.051014840602874756 0.038999415934085846 -0.05714884772896767 -0.059213921427726746 0.059306707233190536 0.041406698524951935 -0.044156819581985474 -0.08370030671358109 0.0017413741443306208 -0.08664553612470627 0.03526584804058075 -0.11285294592380524 -0.02627093531191349 -0.0661776065826416 -0.028298087418079376 0.0651877373456955 -0.01326839067041874 0.030667411163449287 -0.006549658719450235 0.0220041461288929 0.00625378405675292 -0.11840513348579407 -0.11796022206544876 0.014327173121273518 -0.013000331819057465 -0.04594143480062485 -0.07122547179460526 -0.05279253423213959 -0.10057622194290161 -0.06930766999721527 -0.022248923778533936 -0.1033022552728653 -0.12169104814529419 -0.048422135412693024 -0.12122650444507599 0.046885110437870026 0.0708533376455307 0.07412632554769516 -0.025532323867082596 -0.06268691271543503 -0.06411934643983841 -0.005880849901586771 -0.0020700586028397083 0.03452782332897186 -0.02123335190117359 -0.029895706102252007 0.0343264602124691 -0.00126033672131598 0.01135241985321045 -0.02446054480969906 -0.005236838478595018 0.023840704932808876 -0.045770175755023956 -0.021450061351060867 -0.013328012079000473 -0.031044067814946175 -0.04273588955402374 -0.04388456419110298 0.00284012034535408 -0.014040050096809864 -0.014269531704485416 0.005281098186969757 -0.006196704693138599 -0.010349474847316742 -0.05018576607108116 -0.004061371088027954 -0.031133856624364853 -0.04268850013613701 -0.0384075827896595 -0.026061229407787323 -0.024001197889447212 -0.04459118843078613 0.017005402594804764 -0.0018557122675701976 -0.02448919229209423 0.023808253929018974 -0.03202671930193901 0.009590761736035347 -0.0019556377083063126 -0.04923538863658905 -0.06983138620853424 -0.02905626781284809 -0.04480878636240959 -0.05127552151679993 -0.038667257875204086 0.036783184856176376 -0.03074054606258869 0.028489606454968452 0.029296409338712692 -0.026604829356074333 0.026016198098659515 -0.009735631756484509 -0.002247392199933529 -0.021145228296518326 0.054652534425258636 0.018305065110325813 0.028301507234573364 -0.02407919615507126 0.04434284567832947 0.030704522505402565 -0.011763223446905613 -0.0080134691670537 -0.033940136432647705 -0.0007599387899972498 -0.01968994177877903 0.17039097845554352 0.13937371969223022 0.20323796570301056 0.05626169964671135 0.05805293470621109 0.14210887253284454 0.10920804738998413 0.02428179793059826 -0.06283007562160492 0.11752986907958984 0.07677879184484482 -0.11093850433826447 0.0708324983716011 0.09830784052610397 -0.0466732382774353 0.028472209349274635 0.11421962082386017 0.0694509893655777 -0.036708198487758636 -0.004568565636873245 -0.07415902614593506 0.08278686553239822 -0.07325946539640427 0.10715661942958832 0.027517426759004593 0.008667534217238426 -0.04697830229997635 -0.03290200233459473 -0.09807567298412323 0.0757327750325203 -0.06630624085664749 -0.058823902159929276 -0.007307260297238827 -0.050991617143154144 0.048806607723236084 -0.030128365382552147 -0.1157669946551323 -0.050532251596450806 0.07910943776369095 -0.13341762125492096 0.06624778360128403 0.08182978630065918 0.055105362087488174 -0.03690555319190025 -0.07653684169054031 -0.08056425303220749 -0.06081271544098854 0.1030203327536583 0.07658021152019501 -0.03532476723194122 -0.010070382617413998 -0.10264918208122253 -0.042334042489528656 -0.04616037756204605 -0.023026246577501297 -0.08844593912363052 0.07285849004983902 0.08645350486040115 0.018452446907758713 -0.10543985664844513 -0.09577646851539612 0.1130942776799202 0.05087964981794357 -0.049667228013277054 -0.152044877409935 -0.13125038146972656 -0.07699918001890182 -0.15679660439491272 -0.05400662496685982 -0.03404270112514496 -0.11270187795162201 -0.039199698716402054 0.0522652342915535 0.1194259375333786 0.0023225885815918446 0.010240571573376656 0.01584501937031746 -0.007943805307149887 0.12680843472480774 0.030646927654743195 0.09748616814613342 -0.03305085375905037 -0.08100231736898422 -0.08737360686063766 0.11825288832187653 -0.05442800000309944 -0.10697370767593384 0.12293960154056549 0.035630207508802414 0.08786816149950027 -0.02958822064101696 0.09691378474235535 0.042071208357810974 0.14394187927246094 0.07843475788831711 -0.033374350517988205 -0.017525631934404373 -0.010935330763459206 0.08123501390218735 -0.05408698320388794 -0.059261493384838104 0.0521465502679348 0.1478094458580017 0.04282383248209953 -0.0022582190576940775 0.14351806044578552 0.0662291944026947 -0.07542116194963455 -0.022782284766435623 -0.09768208116292953 0.12580105662345886 0.042534515261650085 0.05153721943497658 0.12420297414064407 -0.006525762379169464 0.12585744261741638 0.1704719513654709 -0.06641709059476852 0.1463213562965393 0.0881502777338028 0.09956982731819153 0.11109423637390137 -0.06939853727817535 0.01600857451558113 -0.05578271299600601 -0.08159191161394119 0.042995862662792206 -0.10120803117752075 0.07990875840187073 -0.11808891594409943 -0.04273758828639984 -0.020947128534317017 0.03333090990781784 0.05584438145160675 -0.0703277587890625 -0.08955185860395432 -0.023096926510334015 0.04800378903746605 -0.1323661208152771 0.06881994009017944 0.011804399080574512 0.0011925786966457963 0.08864086121320724 0.022094061598181725 -0.07777029275894165 -0.029192596673965454 0.037079084664583206 0.04245655983686447 -0.010043099522590637 -0.12841010093688965 -0.03745104372501373 -0.0632462352514267 0.007882085628807545 -0.0591411292552948 0.043829888105392456 -0.09297579526901245 -0.009313897229731083 -0.05763411521911621 -0.10003335773944855 0.031848885118961334 0.06962763518095016 -0.09068115055561066 0.1064569279551506 0.06746435165405273 0.0739234983921051 0.03362099081277847 -0.053876034915447235 0.02858106978237629 -0.052999693900346756 -0.07187329977750778 0.010732851922512054 0.006596982479095459 0.04060721769928932 0.09153906255960464 -0.08351468294858932 0.097134530544281 0.09583692252635956 -0.05669054016470909 0.05386849120259285 -0.044986654072999954 -0.06043987348675728 0.03939824551343918 -0.04479609429836273 -0.042600199580192566 0.08832177519798279 0.10439903289079666 0.009443086571991444 0.01996833272278309 0.02102966606616974 0.10542639344930649 -0.05234565585851669 -0.06490719318389893 -0.09793216735124588 -0.0620427206158638 -0.07410349696874619 -0.07224620878696442 0.05096657574176788 -0.14044038951396942 -0.1352483630180359 -0.13193920254707336 -0.08763480931520462 -0.030176373198628426 0.11696061491966248 -0.06654532998800278 0.07800021767616272 -0.09617730975151062 0.05775386840105057 0.03389770910143852 0.08934197574853897 0.09897320717573166 0.04756033793091774 0.02399786002933979 -0.11116406321525574 0.011181592009961605 0.1094856783747673 0.0021155723370611668 0.006981283891946077 0.03901635482907295 -0.023423202335834503 -0.05265098065137863 0.06701040267944336 -0.01727323979139328 0.02318190038204193 -0.04645649716258049 -0.026499956846237183 0.0488700345158577 -0.028924982994794846 0.16115492582321167 0.15849074721336365 0.035945262759923935 -0.04248559847474098 0.048370156437158585 0.15605373680591583 0.026234891265630722 -0.008699905127286911 0.10350674390792847 -0.041553568094968796 0.12495824694633484 -0.04546041786670685 0.08254590630531311 -0.04020262882113457 0.13261684775352478 0.0397670678794384 0.027670543640851974 -0.0177866593003273 0.07762481272220612 0.14919163286685944 -0.033895496279001236 0.09125841408967972 -0.008385641500353813 0.05291502922773361 0.10627266019582748 0.013924039900302887 0.03297096863389015 0.15248657763004303 0.13851574063301086 0.11549105495214462 0.08453711122274399 0.047138430178165436 0.11496328562498093 0.04266354441642761 0.018926702439785004 0.12955103814601898 -0.01116090640425682 0.027709662914276123 0.07074664533138275 0.06850482523441315 0.045810990035533905 -0.06095357611775398 0.05038589611649513 -0.06059741601347923 -0.006660864222794771 0.10967140644788742 0.014423767104744911 0.04056468978524208 -0.007932135835289955 0.01944291591644287 0.03895635902881622 -0.048828866332769394 -0.021049898117780685 0.040579840540885925 -0.031216351315379143 0.07573965936899185 0.0033531798981130123 -0.0469951331615448 -0.07085007429122925 0.03813568130135536 -0.10118278861045837 -0.04826609790325165 -0.07626083493232727 0.07349712401628494 0.04565846547484398 -0.0824485719203949 -0.08761321008205414 -0.09200989454984665 -0.048723284155130386 -0.0320039801299572 -0.06967917084693909 -0.08520986139774323 0.020885949954390526 -0.10080237686634064 -0.03157590702176094 -0.03358139842748642 -0.08590763807296753 -0.1714261770248413 -0.1082003116607666 -0.1415088027715683 -0.12444610893726349 -0.11426622420549393 -0.06415530294179916 -0.17030465602874756 -0.16497670114040375 -0.233564555644989 -0.20242327451705933 -0.2124062478542328 -0.2539617717266083 -0.15900279581546783 -0.20390132069587708 -0.10106535255908966 -0.21061697602272034 -0.001215511467307806 0.06612412631511688 -0.03889835253357887 -0.050728846341371536 -0.07358275353908539 0.07207220792770386 -0.02037527970969677 -0.0633612722158432 -0.01740134321153164 -0.08679899573326111 -0.034136708825826645 -0.0029081059619784355 -0.07945218682289124 -0.08554276823997498 -0.01685207709670067 -0.12087537348270416 0.0696171373128891 0.022101402282714844 0.0013754463288933039 0.00859583169221878 -0.08662067353725433 -0.12389028072357178 0.07273894548416138 -0.030953526496887207 -0.09387709945440292 -0.0015517922583967447 0.009533612988889217 0.06640441715717316 -0.05301500856876373 -0.11129676550626755 -0.058263350278139114 -0.005172675475478172 -0.10359937697649002 -0.046424977481365204 0.01085972785949707 -0.035190485417842865 -0.11907660216093063 0.05625714361667633 0.06764846295118332 -0.10761981457471848 -0.03865266963839531 -0.058553989976644516 0.013181492686271667 0.0402463898062706 -0.12588442862033844 -0.04852234572172165 -0.09789451211690903 -0.048771899193525314 0.035650379955768585 -0.10551442950963974 -0.06147034466266632 -0.058084502816200256 0.05848541483283043 -0.10596289485692978 0.021418720483779907 0.055320024490356445 0.05369096249341965 0.05737612023949623 0.07380124181509018 -0.10948959738016129 -0.023865535855293274 -0.07517721503973007 0.08636227250099182 -0.04195990413427353 0.024228723719716072 -0.023273136466741562 -0.029746906831860542 0.023232175037264824 0.030658597126603127 0.06751364469528198 -0.03353247046470642 0.017199182882905006 0.019524870440363884 -0.06252801418304443 -0.012694657780230045 -0.07079441100358963 0.03107389248907566 0.07435769587755203 -0.03390006348490715 -0.08719728887081146 0.012246774509549141 -0.04932992160320282 0.07206697016954422 0.04470876604318619 -0.04116696119308472 0.0397835448384285 -0.022380396723747253 -0.018310047686100006 -0.09177306294441223 -0.06613773107528687 0.04590821638703346 0.045570164918899536 -0.060218121856451035 -0.06487367302179337 0.04993412271142006 0.014062975533306599 0.051797933876514435 -0.10365857928991318 0.06612115353345871 -0.003760609310120344 -0.011662011966109276 -0.08670520037412643 -0.11300189793109894 0.037464361637830734 -0.07450353354215622 -0.008030700497329235 -0.08937237411737442 -0.01612335629761219 -0.0851355791091919 -0.008809410035610199 -0.01773996464908123 0.013376372866332531 0.047920383512973785 -0.05613963305950165 -0.08864205330610275 -0.013792547397315502 0.024392561987042427 -0.032885342836380005 -0.011535859666764736 8.973493095254526e-05 -0.014635507017374039 -0.06715303659439087 -0.0502210296690464 0.06279323250055313 0.08747255802154541 -0.06551559269428253 0.10222388058900833 -0.035702530294656754 0.08711941540241241 0.15330176055431366 0.1843753159046173 0.10703550279140472 0.06847674399614334 0.06316399574279785 0.10842733830213547 -0.022593524307012558 -0.004394430201500654 0.009698593989014626 -0.06956395506858826 0.03665020316839218 0.0935552716255188 0.09801275283098221 0.03524164482951164 -0.1192234456539154 0.054945964366197586 0.004907318856567144 -0.0030923436861485243 -0.11557026952505112 -0.11651088297367096 -0.032733239233493805 0.058682914823293686 -0.1324123740196228 0.035311371088027954 0.05960700288414955 -0.032866984605789185 -0.13407421112060547 0.05497526377439499 0.09072036296129227 -0.011125086806714535 -0.06537014991044998 0.00568920373916626 -0.04219257831573486 -0.06438832730054855 -0.06013762578368187 -0.07922881841659546 -0.04622825235128403 -0.03209223225712776 -0.0889412984251976 -0.14291685819625854 -0.009437311440706253 -0.04567723721265793 0.05506902188062668 -0.04836152493953705 -0.03695211187005043 -0.01589052379131317 -0.033765967935323715 0.03173333778977394 -0.11083097010850906 0.09947343915700912 -0.024778079241514206 0.07019680738449097 0.07467973232269287 -0.06700193881988525 -0.13273298740386963 -0.04351542517542839 0.005708471871912479 0.0820363312959671 -0.04193685203790665 0.01812010258436203 -0.04184085875749588 -0.06396463513374329 -0.06881530582904816 0.15187399089336395 0.10635093599557877 0.0585547611117363 0.1005251556634903 0.09974868595600128 -0.08067329972982407 0.09250017255544662 0.04777424409985542 -0.04653782770037651 0.0441788025200367 0.06590859591960907 -0.0042540025897324085 -0.09435120224952698 0.05562092736363411 0.05005088448524475 0.08175419270992279 -0.004135560244321823 -0.0033184136264026165 0.015325095504522324 0.0758780986070633 -0.005605248734354973 0.08922696113586426 0.008947345428168774 -0.06198845058679581 0.07486114650964737 0.015603037551045418 0.009250129573047161 0.004486228339374065 -0.010500861331820488 0.06002042070031166 -0.07850418239831924 0.09191317856311798 0.018969455733895302 -0.01113769132643938 0.0779278352856636 -0.09520313888788223 0.09655919671058655 -0.14179180562496185 0.05277590826153755 0.06297040730714798 -0.030414842069149017 0.08739320188760757 -0.02730211429297924 0.010586380027234554 0.029882313683629036 0.09765198826789856 0.11430376768112183 -0.056764982640743256 -0.025949057191610336 0.08458901941776276 -0.0027447750326246023 0.040579039603471756 -0.07870262116193771 0.07741597294807434 -0.037397753447294235 -0.02571004256606102 0.055791858583688736 0.1573243886232376 0.14278167486190796 0.00317192985676229 0.13206425309181213 0.14042030274868011 0.10975430905818939 0.18557454645633698 -0.14087791740894318 -0.06719738990068436 -0.11578678339719772 -0.06845876574516296 0.030696209520101547 0.017117174342274666 -0.11491891741752625 0.04273441433906555 -0.017936157062649727 -0.011268500238656998 0.04606234282255173 -0.045510437339544296 -0.05474044755101204 -0.13926143944263458 -0.07931400835514069 -0.020723916590213776 0.08477999269962311 0.038976363837718964 0.022648753598332405 -0.00047685124445706606 -0.027156541123986244 -0.1006232351064682 -0.0027650257106870413 -0.11932466924190521 0.10145995020866394 -0.028544696047902107 -0.11124201864004135 0.0606372207403183 0.006759469863027334 0.04934610053896904 -0.09659858793020248 0.0305485837161541 0.09058678895235062 -0.0414845235645771 0.03306644782423973 0.1065969169139862 0.11359001696109772 0.07193592935800552 0.12618158757686615 0.09330800920724869 0.1856122463941574 0.13050952553749084 0.13316358625888824 0.15923245251178741 0.08046022057533264 0.12940090894699097 0.0494205616414547 -0.009585501626133919 -0.06334240734577179 0.13491888344287872 0.00919960904866457 -0.038009241223335266 0.06629741191864014 -0.035765741020441055 -0.012959460727870464 -0.02851369045674801 0.18348804116249084 0.1517932265996933 0.1437741219997406 0.001984867500141263 0.04331601783633232 0.14440181851387024 0.13745176792144775 -0.007349097169935703 -0.1461736261844635 -0.15482227504253387 -0.08068493008613586 0.036298464983701706 -0.16511213779449463 -0.10003536939620972 0.030610645189881325 -0.06700955331325531 -0.1049245223402977 0.06352299451828003 -0.08157601952552795 -0.10291681438684464 0.025518573820590973 0.004813028033822775 -0.0742436870932579 -0.020731616765260696 0.07824781537055969 0.08810993283987045 -0.006592649035155773 0.09631349891424179 0.031189225614070892 -0.0942908227443695 0.014177572913467884 0.03614221140742302 0.08274482935667038 0.09972560405731201 0.09606911242008209 0.008088820613920689 -0.06082712858915329 0.008377276360988617 0.06945746392011642 0.05985679104924202 0.08764061331748962 0.05856961011886597 0.1064809039235115 0.09314386546611786 0.14259052276611328 0.025756042450666428 0.0012816180242225528 0.046702709048986435 0.09665269404649734 0.1505424678325653 -0.0028793876990675926 0.08870021253824234 -0.03875124081969261 -0.013853312470018864 0.09832220524549484 0.02183450758457184 -0.007690330035984516 0.05134425312280655 -0.06776314973831177 0.07535800337791443 0.12579861283302307 0.18789467215538025 0.07963380217552185 0.03537614643573761 0.028381438925862312 -0.04413845017552376 0.04366442933678627 0.0836838111281395 0.1774771511554718 0.03340858593583107 0.12367720156908035 0.1206565797328949 -0.042747966945171356 -0.026301026344299316 0.09206174314022064 0.05055701360106468 -0.05301496759057045 0.01425913069397211 -0.0037329813931137323 -0.020249778404831886 0.08917585760354996 0.06258255243301392 0.06044819578528404 -0.038273029029369354 -0.02912277542054653 -0.05557984113693237 -0.057527292519807816 -0.012206475250422955 -0.044624313712120056 -0.019316360354423523 -0.043985456228256226 0.038676220923662186 -0.002113647758960724 -0.04806165769696236 0.022081909701228142 0.005230760667473078 0.007132791914045811 0.03227073326706886 -0.07193838804960251 0.049188051372766495 0.006852747872471809 0.06217673048377037 -0.013072731904685497 -0.0515887513756752 0.02913590520620346 -0.008843354880809784 -0.05363650992512703 -0.07244321703910828 0.06093199923634529 -0.005300704389810562 -0.05914430692791939 -0.07212742418050766 -0.02116280607879162 -0.02952519804239273 0.04243817552924156 -0.015377852134406567 -0.07223808765411377 -0.0875040590763092 -0.01259523257613182 0.020352795720100403 -0.06224919855594635 -0.060675013810396194 0.03459721431136131 -0.021276718005537987 0.07022230327129364 0.08751311898231506 -0.032032229006290436 -0.01220608875155449 0.025217607617378235 0.022766128182411194 0.059784095734357834 -0.06235244870185852 0.06183264032006264 -0.01418884377926588 -0.006789117120206356 0.06302959471940994 0.17391765117645264 0.09866927564144135 0.08884350955486298 -0.024557162076234818 0.11265841126441956 0.01899835281074047 0.02597874030470848 0.012343883514404297 0.05887892469763756 -0.045752402395009995 -0.04472708702087402 0.011299680918455124 -0.029732992872595787 0.11534537374973297 0.014143576845526695 0.009313458576798439 0.08286098390817642 0.07868950814008713 0.1020570695400238 0.006708138156682253 -0.011584020219743252 -0.02407749369740486 -0.007168116979300976 0.08287391066551208 -0.12976157665252686 0.10250096768140793 -0.020897693932056427 -0.10146137326955795 0.06966005265712738 -0.0853440910577774 -0.05021204054355621 0.023187611252069473 0.025771629065275192 -0.07267756015062332 0.01005580648779869 -0.1118374690413475 0.06951681524515152 -0.147870272397995 -0.05312427133321762 0.06050224229693413 -0.060816533863544464 -0.024740168824791908 0.0177631676197052 -0.07271110266447067 0.03182028979063034 0.017763979732990265 -0.03429083153605461 -0.03659314289689064 0.08953635394573212 -0.10486621409654617 -0.04660755768418312 -0.008634014055132866 -0.004355361685156822 0.02849247306585312 -0.09445937722921371 0.07790139317512512 -0.05318175256252289 -0.026786543428897858 0.04656984284520149 -0.038226738572120667 -0.1341070979833603 0.04574709013104439 -0.07618952542543411 -0.06733381003141403 -0.005527778062969446 0.032055553048849106 -0.046002231538295746 -0.05107972025871277 -0.006930145900696516 0.01021534949541092 -0.07690192759037018 -0.06670285016298294 -0.059574857354164124 -0.07133021205663681 0.06508166342973709 -0.039171334356069565 -0.008343440480530262 -0.041888050734996796 0.02981204353272915 -0.030410530045628548 0.024091441184282303 0.062234215438365936 0.03515736013650894 -0.06486907601356506 -0.02670842409133911 -0.01800696551799774 0.00972710084170103 -0.045415088534355164 0.01955213025212288 0.0021847260650247335 -0.03574378043413162 -0.03017307072877884 -0.057976629585027695 -0.007651422638446093 -0.057490427047014236 0.011042957194149494 -0.02474820986390114 -0.046698085963726044 -0.06202104687690735 -0.0401817224919796 0.020782126113772392 -0.07189492136240005 0.06399756669998169 0.02262888103723526 -0.03552296757698059 -0.08194556832313538 -0.023667756468057632 0.02685866318643093 0.04908449202775955 -0.06375260651111603 -0.08868296444416046 0.02588673308491707 -0.07231317460536957 -0.03517612814903259 0.02616584487259388 0.036731917411088943 -0.0543949156999588 -0.08291948586702347 0.03755531087517738 0.022078152745962143 -0.018747301772236824 -0.006692745257169008 0.07186714559793472 0.047292161732912064 -0.07274337857961655 -0.011885394342243671 -0.04802032187581062 0.01265478041023016 0.08144224435091019 0.005612354725599289 0.17324121296405792 -0.04244579002261162 0.08638650923967361 0.05233803763985634 0.04848988354206085 0.10625781863927841 -0.021488841623067856 -0.09132404625415802 -0.07133273035287857 0.028821101412177086 0.09593081474304199 0.09368136525154114 0.06516638398170471 0.06080368533730507 -0.056809958070516586 0.07048594206571579 -0.04850073158740997 -0.04475996270775795 -0.07114391028881073 0.09066879749298096 -0.13815177977085114 -0.029741667211055756 -0.06440799683332443 0.06234138831496239 0.04665618762373924 -0.07548444718122482 0.06844727694988251 0.00639049569144845 0.028043370693922043 0.02676781639456749 -0.1435750424861908 -0.05889563634991646 -0.08633161336183548 -0.0521036833524704 -0.031487900763750076 0.0016367624048143625 -0.11174578219652176 -0.021319326013326645 0.012803556397557259 0.06590375304222107 -0.06251015514135361 0.0005371775478124619 0.03659338876605034 -0.10936466604471207 0.06912096589803696 -0.01742967776954174 0.06315097957849503 -0.06754530966281891 -0.066771000623703 -0.11648795008659363 0.013977359049022198 0.05560602247714996 -0.18001340329647064 -0.006331293843686581 -0.0005342958611436188 -0.024572789669036865 -0.02370108850300312 0.04136030003428459 -0.08629566431045532 -0.15826788544654846 0.016684651374816895 -0.04391317814588547 -0.2610970437526703 -0.1415814906358719 -0.15970538556575775 -0.011565747670829296 0.047630324959754944 -0.04223371297121048 0.05463426187634468 -0.07995454221963882 0.10429884493350983 0.03499184176325798 -0.04283735901117325 0.03093777783215046 -0.0907168909907341 0.07560563832521439 0.100367471575737 0.07288938015699387 0.03722232207655907 0.05802024155855179 0.12998099625110626 -0.09490988403558731 -0.0070776622742414474 0.04495527222752571 -0.0674842894077301 0.08099489659070969 -0.008956392295658588 0.0748056173324585 -0.010327848605811596 0.058354198932647705 0.11168818920850754 0.01632065512239933 -0.03960779681801796 0.009753534570336342 0.0030942189041525126 0.03798162564635277 -0.019433803856372833 0.14196190237998962 -0.06915385276079178 0.13838325440883636 0.09630855917930603 -0.03649890422821045 0.15972287952899933 -0.00620415061712265 0.057912107557058334 -0.05555865168571472 0.13147568702697754 0.10117444396018982 -0.003092154860496521 -0.00954300258308649 0.02114817686378956 -0.07594140619039536 0.023451637476682663 -0.0749732181429863 -0.04058428853750229 -0.07104093581438065 0.05101373419165611 -0.02127947099506855 -0.019552823156118393 0.11729822307825089 0.03788904473185539 0.028109386563301086 0.012655259110033512 0.01817774772644043 0.11423873901367188 -0.056632936000823975 0.24918338656425476 0.1859981268644333 0.1869937926530838 0.15702180564403534 -0.07118789851665497 -0.01614428497850895 0.06006984785199165 -0.07704371958971024 0.026717061176896095 -0.056607767939567566 0.05570632964372635 -0.009719404391944408 -0.004396316595375538 -0.11080330610275269 0.06871160864830017 0.013039861805737019 0.039096444845199585 -0.12140453606843948 -0.016942938789725304 0.10228430479764938 0.0695861428976059 -0.03141454607248306 -0.0217660553753376 -0.006889527663588524 -0.025994112715125084 -0.015370545908808708 -0.0933663547039032 -0.06770294159650803 0.01570560410618782 -0.06629987061023712 -0.01966020278632641 0.0821574404835701 0.012479843571782112 -0.04209268465638161 0.04188333824276924 -0.09602382034063339 0.03274008631706238 -0.05563098564743996 -0.13398776948451996 -0.11311653256416321 -0.140947625041008 -0.04708027094602585 0.0280196163803339 -0.10573824495077133 -0.08497791737318039 0.017447348684072495 -0.05262435972690582 0.09301695227622986 -0.105194590985775 0.030823517590761185 -0.1003183051943779 0.07147348672151566 -0.12148839980363846 0.015452980063855648 -0.03809008002281189 -0.039978139102458954 -0.02165219374001026 0.10826458781957626 -0.06579603999853134 0.06495372205972672 0.06767729669809341 0.09840453416109085 -0.07134032994508743 0.10395693778991699 -0.09223312884569168 -0.06819672882556915 -0.025333471596240997 -0.08508415520191193 -0.07743410021066666 0.0928753986954689 0.0678069069981575 -0.05648307502269745 -0.09528366476297379 0.020056158304214478 -0.02029692940413952 -0.001462101936340332 0.019037608057260513 -0.04467000812292099 -0.05569430813193321 0.016743449494242668 -0.05697701498866081 0.013828126713633537 -0.04752935469150543 0.019844602793455124 0.06895411759614944 0.0620766244828701 -0.07069285959005356 0.07333829253911972 0.006805854383856058 0.03360104188323021 0.04183579236268997 -0.06177398934960365 0.012099421583116055 0.07558660209178925 -0.029226915910840034 0.08797843009233475 -0.04132566601037979 0.019167523831129074 -0.024949461221694946 0.05380983278155327 0.09418148547410965 0.024969805032014847 -0.07602649927139282 -0.06743299961090088 0.03517112508416176 -0.0006826234166510403 -0.08486341685056686 0.012884524650871754 0.03973989188671112 -0.08608994632959366 -0.0687502771615982 0.031116202473640442 0.08292490988969803 -0.051416411995887756 -0.039332255721092224 -0.04208914563059807 -0.02375076711177826 0.026434171944856644 0.004382476210594177 0.09953794628381729 -0.009074022062122822 -0.0803927481174469 0.01335026603192091 0.011016292497515678 0.014012843370437622 -0.04034440964460373 0.061174679547548294 -0.07564646005630493
b1 32
-0.00430638762190938 -0.11408522725105286 -0.05367143824696541 -0.06792789697647095 0.059043627232313156 0.03516397625207901 0.06636233627796173 -0.1329408586025238 -0.04382701590657234 0.04302326962351799 0.13448339700698853 0.04237357899546623 0.052996933460235596 0.03851283714175224 -0.00046603986993432045 0.11048125475645065 0.06492581218481064 -0.056043755263090134 0.07356338948011398 0.06847425550222397 0.000736193498596549 0.006862204987555742 -0.1556478589773178 0.03534964844584465 -0.03768213465809822 -0.028365595266222954 0.00634025689214468 0.08662880957126617 -0.12337631732225418 0.09586963802576065 -0.014157786034047604 -0.15426155924797058
W2 1024
-0.0011957791866734624 -0.009274633601307869 -0.21346648037433624 -0.008771434426307678 -0.1724233627319336 -0.080721914768219 -0.050432417541742325 0.195302814245224 0.05122324451804161 0.10226433724164963 -0.29319795966148376 0.04489266127347946 -2.73392961389618e-05 -0.017267081886529922 0.11191757768392563 -0.3005811870098114 0.15396730601787567 -0.04220399260520935 -0.20565348863601685 -0.03302343189716339 -0.018685264512896538 -0.10586962103843689 0.1677965521812439 -0.20941030979156494 -0.27848225831985474 -0.032679252326488495 0.15979568660259247 -0.019840184599161148 0.09336210787296295 -0.2738932967185974 0.24225297570228577 -1.2473109026792867e-33 0.02746337093412876 0.18149395287036896 -0.11064349859952927 -0.01577521674335003 -0.027828708291053772 0.17291218042373657 0.008554576896131039 0.2325916439294815 0.1603458821773529 -0.047057144343853 -0.15634366869926453 -0.04944254457950592 0.015863779932260513 -0.02252204343676567 0.1528637856245041 -0.25852274894714355 -0.1439952552318573 -0.1414746791124344 -0.07189347594976425 -0.14393389225006104 -0.03594367578625679 0.1555040180683136 0.06538917869329453 -0.01805230788886547 -0.1931340992450714 0.0977545753121376 0.005510746501386166 0.10908809304237366 0.1657862663269043 -0.2577002942562103 0.03904567286372185 -0.015231537632644176 0.0001956727064680308 0.0003988824028056115 9.812468488235027e-05 1.5930515965017638e-25 0.0023753636050969362 -4.522784820437664e-06 -0.00044635622180067003 -1.4977570572671794e-10 -2.9799462453183878e-08 9.456934435547737e-07 -3.918742550013121e-06 -0.020130690187215805 -4.73508862341987e-06 -8.807138510746881e-05 -1.0103378444891764e-24 -0.006175156217068434 -0.0018132172990590334 -0.0051437001675367355 1.5230314602376893e-05 -2.7190928449272178e-05 3.4084241633536294e-05 -4.758675586913341e-08 -0.009278349578380585 0.017980508506298065 0.02581898123025894 3.5504692690475424e-24 -2.323600513387536e-11 -8.88422509888187e-05 0.0026801181957125664 -0.004801739472895861 1.539840061015596e-10 -1.0185439900626137e-14 -0.019790714606642723 0.0682397186756134 -0.015989147126674652 -0.00046217191265895963 -0.04505447298288345 -0.08545774221420288 0.011692254804074764 -0.08331166952848434 0.12693952023983002 0.1701003909111023 0.08624786138534546 -0.02834898792207241 0.0002515123342163861 -0.019291453063488007 -0.02035212516784668 0.01344959158450365 -0.059990644454956055 -0.07674068957567215 0.12080611288547516 -0.013218771666288376 -0.009794979356229305 0.13712264597415924 -0.05171659216284752 -0.017577750608325005 0.08007553219795227 0.03165171667933464 -0.044330548495054245 0.006392240524291992 0.13735274970531464 0.05681115388870239 0.0280683021992445 -0.02344697341322899 -0.028494972735643387 -0.013274779543280602 0.10180007666349411 0.02883133478462696 -0.08756794035434723 0.06182820349931717 -0.1683996319770813 0.09654171764850616 -0.002651945920661092 -0.1549452245235443 0.10314368456602097 -0.14654618501663208 0.11260547488927841 -0.12042422592639923 -0.08100522309541702 0.061939917504787445 0.027132689952850342 0.14227505028247833 0.08800391852855682 0.07204259932041168 0.010880016721785069 -0.07305123656988144 0.09977241605520248 0.0370141975581646 0.12101055681705475 -0.018559837713837624 0.13571500778198242 0.004509196616709232 -0.10145934671163559 0.20338450372219086 -0.1575133502483368 -0.0986945629119873 -0.25611960887908936 0.107258640229702 0.03724992275238037 -4.4057371269445866e-05 0.03164996579289436 0.13240733742713928 -0.08891388028860092 -0.05654421076178551 0.12766291201114655 0.013686447404325008 -0.20830397307872772 -0.007859375327825546 -0.0045518274419009686 -0.041727498173713684 0.2045406699180603 -0.34418198466300964 0.016871873289346695 -0.17736463248729706 -0.1652398407459259 -0.05160710960626602 -0.020107781514525414 0.04077288880944252 -0.05485083907842636 -0.17281517386436462 -0.16470006108283997 -0.041347671300172806 0.12871985137462616 -0.039890214800834656 -0.06907849758863449 -0.10461859405040741 0.27678346633911133 -1.177775032247606e-26 -0.007234667427837849 0.2176106721162796 0.06973113119602203 0.01527133584022522 -0.25123119354248047 0.005624534096568823 -0.08589313179254532 0.2129523754119873 0.1450241655111313 0.1142396405339241 -0.21677599847316742 -0.011751342564821243 0.05583714693784714 0.10283460468053818 0.18520404398441315 -0.20199279487133026 0.11247626692056656 -0.22120071947574615 -0.23855629563331604 -0.15411195158958435 -0.10896681994199753 0.17217163741588593 0.00926479883491993 0.02393435314297676 0.021314403042197227 0.1301710456609726 0.18021440505981445 -0.0017892919713631272 -0.05749264732003212 -0.06975825875997543 0.1902620941400528 -0.08520564436912537 0.037849921733140945 0.12190455943346024 0.03908490762114525 -0.0004530855221673846 -0.12725010514259338 -0.05141691118478775 -0.013748042285442352 -0.06438910961151123 -0.03186789155006409 -0.11635132133960724 -0.03037211485207081 0.06780947744846344 0.0047651310451328754 -0.023017050698399544 -0.14627841114997864 0.029271816834807396 -0.06619519740343094 -0.0804297924041748 0.004301664885133505 -0.010603723116219044 -1.0840433787961956e-05 0.11949358135461807 0.07784340530633926 -0.09196450561285019 0.08580398559570312 0.042366743087768555 -0.028363503515720367 -0.04515037313103676 -0.016976524144411087 0.043546829372644424 -0.0707673504948616 0.013413630425930023 -0.017219925299286842 -0.10428723692893982 -0.04737996309995651 -0.0002464617136865854 -0.003894031047821045 0.14832951128482819 0.05427275970578194 -0.0009042174206115305 0.0004005181835964322 -0.00979520846158266 0.09541042894124985 -0.06065869331359863 -0.02983689308166504 0.07789034396409988 0.009971138089895248 0.07304772734642029 0.004489845130592585 0.15256762504577637 0.11306024342775345 -0.06043541803956032 0.0043215062469244 0.08712589740753174 -0.1531527191400528 -0.019908854737877846 0.2158583700656891 0.017459658905863762 0.13939201831817627 -0.04482246935367584 0.168807253241539 0.01926961913704872 -0.178209587931633 0.009894562885165215 -0.06988605856895447 -0.04568757861852646 -0.10904675722122192 -0.0034154425375163555 -0.01795894093811512 0.0355365164577961 0.14200937747955322 -0.000512516766320914 0.027983715757727623 0.016774607822299004 -0.04468447342514992 -0.10945107787847519 0.04306057095527649 0.14769122004508972 -0.01257278211414814 0.07510880380868912 0.0481204017996788 -0.08007131516933441 0.12465973198413849 0.09627508372068405 -0.0908072367310524 -0.08247052878141403 -0.013178418390452862 0.08395175635814667 0.10036966949701309 0.0395515151321888 0.002965497551485896 0.036426842212677 -0.023816999047994614 0.06862431019544601 -0.1460934430360794 0.005326393526047468 0.0309466365724802 0.03531928360462189 0.05344771221280098 0.006818379275500774 -0.060559097677469254 0.03088822029531002 0.045937709510326385 -0.022107351571321487 0.07384393364191055 0.02075270004570484 0.07680653035640717 -0.012049281969666481 0.07891002297401428 -0.10681416839361191 0.07985514402389526 -0.04415105655789375 -0.10762012749910355 0.049957964569330215 0.12069877237081528 -0.10658430308103561 0.09981910139322281 0.021933572366833687 -0.09069262444972992 0.027996819466352463 -0.023379189893603325 -0.035437826067209244 0.01808253489434719 0.0932314544916153 0.07148152589797974 -0.03484833240509033 -0.023535771295428276 0.001139249769039452 -0.024809930473566055 -0.20103906095027924 0.07344629615545273 -2.748570841504261e-05 -0.033408984541893005 -0.04743212088942528 0.026843203231692314 -0.10542376339435577 0.026952100917696953 -0.10230846703052521 -0.023590628057718277 0.041273556649684906 0.017085643485188484 0.008430445566773415 -0.1917184740304947 0.14461912214756012 -0.01072762068361044 0.1961631178855896 -0.015232209116220474 -0.037952665239572525 -0.012375331483781338 -0.042469460517168045 0.1491113305091858 0.17315684258937836 0.04522843658924103 0.03015858121216297 -0.04261147975921631 0.06463095545768738 -0.0795341283082962 0.04998594522476196 -0.09104472398757935 0.042059507220983505 -0.19024762511253357 0.1413469761610031 -0.19210602343082428 0.012461213394999504 -0.28123247623443604 0.12234515696763992 -0.03362498804926872 0.18554726243019104 0.07264623045921326 0.24266371130943298 -0.29978445172309875 -0.019378123804926872 -0.11300063878297806 -0.08271602541208267 -0.02745426632463932 -0.3432677984237671 0.028495874255895615 0.023155424743890762 -0.21883082389831543 -0.05623284727334976 -0.10663291066884995 0.22309014201164246 0.0697394609451294 -0.18121102452278137 -0.30580422282218933 -0.168701171875 0.08696696162223816 0.002692602341994643 -0.16580817103385925 -0.27458447217941284 0.22959770262241364 -0.0027254484593868256 -0.00030603157938458025 0.01751861535012722 -0.09299853444099426 0.010999283753335476 -0.10621537268161774 0.054633043706417084 0.13445255160331726 0.041263725608587265 0.03368345648050308 -0.02906058542430401 0.07327812910079956 0.023963890969753265 -0.002477337373420596 -0.02252819575369358 0.0196564681828022 0.05707434192299843 0.01651456207036972 -0.07207391411066055 0.13589705526828766 -0.006842410191893578 0.026486948132514954 0.04324360564351082 -0.018227729946374893 -0.024425577372312546 -0.03799164667725563 -0.06693438440561295 0.005270771216601133 -0.05818614363670349 -0.035996176302433014 -0.036104630678892136 -0.07529786229133606 0.08798718452453613 -0.021352797746658325 -0.1749647706747055 0.046475984156131744 1.0324787581339478e-05 0.21885444223880768 0.17480255663394928 0.005556441377848387 -0.14355741441249847 0.1851930171251297 -0.05008723959326744 0.0002591570664662868 0.08674390614032745 -0.12444356828927994 0.011633486486971378 -0.021502221003174782 0.040825989097356796 -0.025288578122854233 0.0032194824889302254 0.1255704164505005 -0.07119201123714447 -0.014369972050189972 -0.15075738728046417 0.028011435642838478 0.178283229470253 -0.053736571222543716 0.0402408093214035 0.07867764681577682 -0.053894560784101486 -0.07914010435342789 -0.06209855526685715 -0.05676977336406708 -0.007593189831823111 8.9304273842572e-07 -0.00039645162178203464 8.346808499481995e-06 -1.6751267040149287e-09 -2.1094803742016666e-05 -0.0006240133661776781 0.00028054541326127946 -0.00042397447396069765 1.0711457434808835e-05 -0.0010446821106597781 8.78338105394505e-05 -8.842242095852271e-05 -6.251061131479219e-05 -7.3958610300906e-05 -0.0025309291668236256 -3.695901978062466e-05 -0.00027092339587397873 -4.833727143704891e-05 0.00013771791418548673 -0.00015050164074636996 -9.71528424997814e-06 -0.0003063900803681463 -0.003964521922171116 -0.00020296458387747407 -0.00014947637100704014 -2.8358244890114293e-05 -9.13711337489076e-05 2.224264790129382e-06 7.023770194791723e-06 -2.873661469493527e-05 -0.00042070067138411105 8.883724149200134e-06 0.01115789357572794 0.08472143113613129 0.004019557498395443 -0.00041374785359948874 -0.0025295421946793795 0.07259170711040497 0.07706664502620697 -0.08502760529518127 -0.04211908206343651 0.03372455760836601 -0.004703547805547714 0.061185140162706375 -0.015735410153865814 -0.010254576802253723 -0.006403547711670399 -0.016133250668644905 -0.12839901447296143 -0.05185043811798096 -0.006587041541934013 -0.04823364317417145 -0.027974756434559822 -0.07579535245895386 0.0043028867803514 0.10969042032957077 -0.0671779066324234 -0.005000224336981773 -0.032019637525081635 -0.03531099483370781 0.08932062238454819 -0.017607439309358597 0.0590507835149765 -0.0015215746825560927 0.02910018153488636 -0.07808620482683182 -0.07949267327785492 0.07964389026165009 -0.08725705742835999 0.025811322033405304 0.12998466193675995 0.048838693648576736 -0.011347237974405289 0.11526847630739212 -0.09307758510112762 -0.04514981433749199 0.048669684678316116 0.11163398623466492 -0.11611144989728928 0.136999249458313 0.1713513284921646 -0.11198324710130692 0.07435880601406097 0.07158660143613815 0.08641795068979263 -0.11774279922246933 0.0070117455907166 0.19329585134983063 0.2302759289741516 -0.10679178684949875 0.09957075864076614 0.12337957322597504 0.19417336583137512 0.17813712358474731 -0.19708409905433655 -0.03445994853973389 0.15209168195724487 0.0665174350142479 -0.07848525047302246 -0.06341884285211563 0.054505884647369385 0.08344130218029022 0.16694530844688416 0.04167908430099487 -0.04070180281996727 -0.21983547508716583 -0.07557026296854019 -0.013537103310227394 0.18594437837600708 0.07049889117479324 -0.134069561958313 0.1182410717010498 0.06826861202716827 0.02253517508506775 -0.09736737608909607 0.15377505123615265 0.06236296892166138 -0.1820879429578781 0.11458691954612732 0.016390342265367508 0.2351956069469452 0.17078574001789093 -0.14084072411060333 0.08762776106595993 -0.16134575009346008 -0.016931232064962387 -0.001839570701122284 -0.09517378360033035 0.009679448790848255 -0.07792346924543381 -0.052414022386074066 0.013610727153718472 0.17593520879745483 0.09491721540689468 -0.05741411820054054 -0.03890446946024895 -0.11852945387363434 0.03475707769393921 0.10572463274002075 0.06343822181224823 -0.060783080756664276 0.026039160788059235 -0.02242194674909115 0.16337057948112488 0.15007491409778595 0.043601036071777344 0.0866181030869484 0.06437114626169205 0.025483667850494385 0.06978467106819153 0.010366017930209637 0.060799069702625275 0.19662491977214813 -0.03762130066752434 -0.01974325068295002 0.00785817950963974 -0.047472160309553146 0.09254913032054901 -0.0929713174700737 0.005149851553142071 -0.0028418723959475756 -0.05544702708721161 0.03866875544190407 -0.009518886916339397 0.09349124878644943 0.04442691057920456 0.20477966964244843 0.041640445590019226 -0.005644096992909908 -0.13469907641410828 -0.027652094140648842 -0.10706398636102676 0.15734046697616577 0.010970719158649445 -0.024699047207832336 -0.02320113405585289 0.08265833556652069 0.07660847902297974 -0.10684703290462494 0.06278803944587708 0.0499836802482605 -0.09275147318840027 0.03667377308011055 -0.009590708650648594 0.1012803465127945 -0.03368058055639267 -0.03386814892292023 0.04623746871948242 0.02667956054210663 0.046603355556726456 -0.10256187617778778 0.04146992415189743 0.12698091566562653 -0.09326139092445374 0.17354798316955566 0.011540557257831097 0.07262539118528366 0.03693784773349762 0.06172840669751167 -0.1292790025472641 0.04250695928931236 0.007653276901692152 0.06782358139753342 0.09473711252212524 0.08858879655599594 0.03602052852511406 -0.12559933960437775 0.19132886826992035 -0.14100413024425507 0.029644686728715897 0.19102132320404053 0.061555858701467514 0.04767311364412308 0.005780638195574284 -0.0028547293040901423 0.07924912124872208 0.0021663859952241182 0.003641973016783595 0.13601990044116974 0.09168640524148941 0.11473327875137329 -0.02738448791205883 0.03399944677948952 0.020578976720571518 -0.21498413383960724 0.09855130314826965 -0.15556375682353973 0.11427880078554153 -0.10586821287870407 0.1198185533285141 0.007277701050043106 -0.016548315063118935 -0.18115249276161194 0.12053171545267105 -0.06159793213009834 -0.11301641911268234 -0.13849493861198425 -0.10135278850793839 0.21861858665943146 -0.0791063904762268 -0.08026179671287537 -0.20462776720523834 -0.13440072536468506 -0.029935568571090698 0.10956250876188278 0.21695351600646973 0.0558476559817791 -0.035568516701459885 -0.19443602859973907 -0.04848850145936012 0.09013162553310394 0.15472429990768433 0.13643284142017365 -0.1752387136220932 0.05699615925550461 0.013488546945154667 0.02397332899272442 0.24716535210609436 0.0046490952372550964 0.0015405045123770833 -0.0725473016500473 0.15530931949615479 -0.10544989258050919 0.040888793766498566 -0.082844577729702 0.1653689742088318 0.03224518150091171 -0.16337557137012482 0.09256505221128464 -0.126037135720253 0.06973221898078918 -0.0368412509560585 0.12447015941143036 0.03815614432096481 0.007233129348605871 0.0966896265745163 -0.10082846134901047 0.20563144981861115 -0.10112139582633972 -0.21380667388439178 -0.17546239495277405 0.0321786142885685 -0.030773868784308434 0.08618070185184479 0.13141410052776337 -0.07313444465398788 0.1941586136817932 -0.026830270886421204 0.05140337347984314 0.23855158686637878 -0.19324339926242828 -0.0038105864077806473 -0.0788060873746872 -0.08767593652009964 -0.11678014695644379 0.11231679469347 0.10950476676225662 0.23739464581012726 0.06824306398630142 -0.18787452578544617 -0.14136216044425964 -0.10238900035619736 0.20770682394504547 -0.02864634059369564 0.01605195179581642 -0.0072509958408772945 -0.14304311573505402 -0.15261554718017578 0.029169321060180664 0.1898808628320694 -0.054178960621356964 0.02033088356256485 -0.20902925729751587 0.07137235999107361 -0.12604326009750366 0.010491280816495419 0.077399842441082 -0.04312759265303612 0.181976780295372 0.07343555241823196 -0.003937370143830776 -0.06672978401184082 -0.002673983806744218 6.594827942727173e-23 -0.005345766898244619 -0.02205643244087696 -0.0027637118473649025 -0.02865731716156006 -0.07678462564945221 -0.0036035741213709116 -0.0032258781138807535 -0.0060338666662573814 -0.002923770109191537 -0.0009334332426078618 -0.013407896272838116 -0.0054850224405527115 -0.003400948829948902 -0.007642414420843124 -0.004808113910257816 -0.0025963494554162025 -0.0010831626132130623 -0.0039270115084946156 0.07220339775085449 -0.014380198903381824 -0.00941662397235632 -0.00013824834604747593 -0.010738743469119072 -0.001607596524991095 0.08034059405326843 -0.0411168672144413 -0.001994506688788533 -7.155161438276991e-05 -0.06670656055212021 -0.02027265727519989 -0.04269258677959442 -5.3455129091162235e-05 0.04038554057478905 -0.16430725157260895 0.044623229652643204 -0.05862940102815628 0.03897908702492714 0.01657734252512455 0.03063054382801056 -0.029017552733421326 0.011375896632671356 0.015182568691670895 0.01649688370525837 0.09375349432229996 0.10177776962518692 0.014555133879184723 -0.02461625263094902 -0.016073523089289665 0.007238870020955801 -0.14490683376789093 0.14543741941452026 0.03261289745569229 0.1356920599937439 -0.01807544007897377 0.01224894355982542 0.0071113682352006435 -0.1285374015569687 0.14810974895954132 -0.24386203289031982 0.0022879750467836857 -0.12834404408931732 0.11056697368621826 -0.10107716172933578 -0.0016258977120742202 -0.16401436924934387 0.07247105985879898 -0.07997766882181168 0.18127527832984924 0.13337133824825287 -0.08168471604585648 -0.24808049201965332 0.02391578070819378 2.722040464855813e-19 -0.03503352403640747 0.08958995342254639 -0.06728028506040573 0.16755197942256927 -0.04454628378152847 -0.13800764083862305 -0.03188232332468033 -0.016692666336894035 -0.022122956812381744 0.1805495172739029 -0.10551593452692032 0.06210777536034584 -0.027516013011336327 0.006062709726393223 -0.027068478986620903 -0.15651734173297882 -0.1881052702665329 0.05967216193675995 -4.9506287295086445e-27 -0.16245992481708527 -0.023276053369045258 -0.11844996362924576 -1.2440050340956077e-05 -0.04672769084572792 0.12582172453403473 -0.015939071774482727 0.060265932232141495 0.13049636781215668 0.11148618161678314 -0.13323329389095306 -0.1519828736782074 -0.0015367253217846155 -0.005859989672899246 0.17935410141944885 -0.1475236862897873 0.05789429694414139 -0.013273614458739758 -0.12450877577066422 -0.010641159489750862 -0.005727220792323351 0.14946885406970978 0.09712512046098709 0.03304203972220421 -0.03848406672477722 -0.007601205725222826 0.06435105204582214 -0.006108949892222881 -0.07971719652414322 -0.22367508709430695 0.04950098693370819 1.803319266040997e-25 -0.03060591220855713 -0.0433032400906086 -0.20726829767227173 0.0023967225570231676 0.011658146977424622 -0.0009916969574987888 -0.111323282122612 0.20919457077980042 -0.04077574983239174 0.22542884945869446 0.05657408386468887 0.02232406847178936 0.053637806326150894 0.07987724989652634 0.1410815715789795 0.009549807757139206 -0.06697797030210495 -0.005542331840842962 -0.20210327208042145 0.09777996689081192 0.10233986377716064 0.1586586833000183 -0.06377197057008743 -0.21953508257865906 -0.13067841529846191 0.09181823581457138 0.02180572971701622 -0.11231740564107895 0.02183784730732441 0.05502191558480263 -0.00037484776112250984 0.11873149126768112 0.17824198305606842 -0.15964873135089874 -0.08582894504070282 0.0010971815790981054 0.06444413214921951 0.017958637326955795 0.04217632859945297 -0.07266867160797119 -0.15702368319034576 -0.07261300086975098 0.052454542368650436 0.1873568296432495 0.04010219871997833 0.05176078900694847 -0.12337438762187958 0.1685619056224823 -0.02620445005595684 0.07514121383428574 0.09496578574180603 0.04730353504419327 0.08621212840080261 -0.04828473925590515 0.0962991937994957 -0.07520454376935959 0.16767510771751404 0.017328821122646332 0.0476486012339592 0.06054650619626045 0.10076843202114105 -0.019953366369009018 -0.13838568329811096 0.035820648074150085 0.24921594560146332 -0.09547632932662964 0.16710256040096283 -0.00011894675117218867 0.19431176781654358 0.13191565871238708 -0.015237298794090748 -0.11666334420442581 -0.059827473014593124 -0.031934309750795364 -0.02955571748316288 0.1655450165271759 -0.06395234167575836 0.05343836173415184 -0.1299877017736435 0.003702694782987237 0.021814042702317238 0.10401144623756409 -0.051509447395801544 0.030986003577709198 0.03193865716457367 -0.17925286293029785 0.0789676085114479 0.20193378627300262 0.06634212285280228 -0.024935249239206314 -0.04249400272965431 0.06252316385507584 -0.16315637528896332 0.04887251555919647 -0.022870603948831558 0.015114466659724712
b2 32
-0.19209031760692596 -0.12636026740074158 -0.04275926947593689 -0.04569576308131218 -0.08438283950090408 -0.05459068715572357 -0.12071200460195541 0.010477524250745773 0.14736460149288177 -0.18344320356845856 -0.017316922545433044 -0.19845011830329895 -0.04103304073214531 -0.1620367169380188 0.2104121893644333 0.0005374036845751107 -0.09158556908369064 0.19841021299362183 0.1810225248336792 0.1307167112827301 -0.17355568706989288 0.22528159618377686 -0.11802765727043152 -0.11357509344816208 -0.034585751593112946 -0.0028163674287497997 -0.02261190116405487 -0.04625681787729263 -0.12985196709632874 0.06234890595078468 -0.1614283174276352 -0.1862909346818924
W3 32
0.24108949303627014 0.22583888471126556 0.0034479345194995403 -0.11624009162187576 -0.12313710153102875 0.20631887018680573 0.21728616952896118 -0.0044698407873511314 -0.09449367970228195 0.21820202469825745 -0.023456290364265442 0.07158932834863663 0.22743897140026093 0.1765373796224594 -0.1021844819188118 -2.449154999339953e-05 -0.024911291897296906 -0.15154092013835907 -0.2014152556657791 -0.07163749635219574 0.11569393426179886 -0.07858208566904068 0.26015186309814453 0.10539507865905762 0.1738734394311905 0.014453455805778503 -0.018168335780501366 0.10727105289697647 0.05295445770025253 0.061185382306575775 0.15483304858207703 0.1912497729063034
b3 1
0.09240390360355377
