 1 0 0 0 0 0 0 0 0 0 0 0 0 0 0 0 0 0 0 0 0 0 0 0 0 0 0 0 0 0 0 0 0 0 0 0 0 0 0 0 0 0 0 0 0 0 0 0 0 0 0 0 0 0 0 0 0 0 0 0 0 0 0 0
 0 1 0 0 0 0 0 0 0 0 0 0 0 0 0 0 0 0 0 0 0 0 0 0 0 0 0 0 0 0 0 0 0 0 0 0 0 0 0 0 0 0 0 0 0 0 0 0 0 0 0 0 0 0 0 0 0 0 0 0 0 0 0 0
 0 0 1 0 0 0 0 0 0 0 0 0 0 0 0 0 0 0 0 0 0 0 0 0 0 0 0 0 0 0 0 0 0 0 0 0 0 0 0 0 0 0 0 0 0 0 0 0 0 0 0 0 0 0 0 0 0 0 0 0 0 0 0 0
 0 0 0 1 0 0 0 0 0 0 0 0 0 0 0 0 0 0 0 0 0 0 0 0 0 0 0 0 0 0 0 0 0 0 0 0 0 0 0 0 0 0 0 0 0 0 0 0 0 0 0 0 0 0 0 0 0 0 0 0 0 0 0 0
 0 0 0 0 1 0 0 0 0 0 0 0 0 0 0 0 0 0 0 0 0 0 0 0 0 0 0 0 0 0 0 0 0 0 0 0 0 0 0 0 0 0 0 0 0 0 0 0 0 0 0 0 0 0 0 0 0 0 0 0 0 0 0 0
 0 0 0 0 0 1 0 0 0 0 0 0 0 0 0 0 0 0 0 0 0 0 0 0 0 0 0 0 0 0 0 0 0 0 0 0 0 0 0 0 0 0 0 0 0 0 0 0 0 0 0 0 0 0 0 0 0 0 0 0 0 0 0 0
 0 0 0 0 0 0 1 0 0 0 0 0 0 0 0 0 0 0 0 0 0 0 0 0 0 0 0 0 0 0 0 0 0 0 0 0 0 0 0 0 0 0 0 0 0 0 0 0 0 0 0 0 0 0 0 0 0 0 0 0 0 0 0 0
 0 0 0 0 0 0 0 1 0 0 0 0 0 0 0 0 0 0 0 0 0 0 0 0 0 0 0 0 0 0 0 0 0 0 0 0 0 0 0 0 0 0 0 0 0 0 0 0 0 0 0 0 0 0 0 0 0 0 0 0 0 0 0 0
 0 0 0 0 0 0 0 0 1 0 0 0 0 0 0 0 0 0 0 0 0 0 0 0 0 0 0 0 0 0 0 0 0 0 0 0 0 0 0 0 0 0 0 0 0 0 0 0 0 0 0 0 0 0 0 0 0 0 0 0 0 0 0 0
 0 0 0 0 0 0 0 0 0 1 0 0 0 0 0 0 0 0 0 0 0 0 0 0 0 0 0 0 0 0 0 0 0 0 0 0 0 0 0 0 0 0 0 0 0 0 0 0 0 0 0 0 0 0 0 0 0 0 0 0 0 0 0 0
 0 0 0 0 0 0 0 0 0 0 1 0 0 0 0 0 0 0 0 0 0 0 0 0 0 0 0 0 0 0 0 0 0 0 0 0 0 0 0 0 0 0 0 0 0 0 0 0 0 0 0 0 0 0 0 0 0 0 0 0 0 0 0 0
 0 0 0 0 0 0 0 0 0 0 0 1 0 0 0 0 0 0 0 0 0 0 0 0 0 0 0 0 0 0 0 0 0 0 0 0 0 0 0 0 0 0 0 0 0 0 0 0 0 0 0 0 0 0 0 0 0 0 0 0 0 0 0 0
 0 0 0 0 0 0 0 0 0 0 0 0 1 0 0 0 0 0 0 0 0 0 0 0 0 0 0 0 0 0 0 0 0 0 0 0 0 0 0 0 0 0 0 0 0 0 0 0 0 0 0 0 0 0 0 0 0 0 0 0 0 0 0 0
 0 0 0 0 0 0 0 0 0 0 0 0 0 1 0 0 0 0 0 0 0 0 0 0 0 0 0 0 0 0 0 0 0 0 0 0 0 0 0 0 0 0 0 0 0 0 0 0 0 0 0 0 0 0 0 0 0 0 0 0 0 0 0 0
 0 0 0 0 0 0 0 0 0 0 0 0 0 0 1 0 0 0 0 0 0 0 0 0 0 0 0 0 0 0 0 0 0 0 0 0 0 0 0 0 0 0 0 0 0 0 0 0 0 0 0 0 0 0 0 0 0 0 0 0 0 0 0 0
 0 0 0 0 0 0 0 0 0 0 0 0 0 0 0 1 0 0 0 0 0 0 0 0 0 0 0 0 0 0 0 0 0 0 0 0 0 0 0 0 0 0 0 0 0 0 0 0 0 0 0 0 0 0 0 0 0 0 0 0 0 0 0 0
 0 0 0 0 0 0 0 0 0 0 0 0 0 0 0 0 1 0 0 0 0 0 0 0 0 0 0 0 0 0 0 0 0 0 0 0 0 0 0 0 0 0 0 0 0 0 0 0 0 0 0 0 0 0 0 0 0 0 0 0 0 0 0 0
 0 0 0 0 0 0 0 0 0 0 0 0 0 0 0 0 0 1 0 0 0 0 0 0 0 0 0 0 0 0 0 0 0 0 0 0 0 0 0 0 0 0 0 0 0 0 0 0 0 0 0 0 0 0 0 0 0 0 0 0 0 0 0 0
 0 0 0 0 0 0 0 0 0 0 0 0 0 0 0 0 0 0 1 0 0 0 0 0 0 0 0 0 0 0 0 0 0 0 0 0 0 0 0 0 0 0 0 0 0 0 0 0 0 0 0 0 0 0 0 0 0 0 0 0 0 0 0 0
 0 0 0 0 0 0 0 0 0 0 0 0 0 0 0 0 0 0 0 1 0 0 0 0 0 0 0 0 0 0 0 0 0 0 0 0 0 0 0 0 0 0 0 0 0 0 0 0 0 0 0 0 0 0 0 0 0 0 0 0 0 0 0 0
 0 0 0 0 0 0 0 0 0 0 0 0 0 0 0 0 0 0 0 0 1 0 0 0 0 0 0 0 0 0 0 0 0 0 0 0 0 0 0 0 0 0 0 0 0 0 0 0 0 0 0 0 0 0 0 0 0 0 0 0 0 0 0 0
 0 0 0 0 0 0 0 0 0 0 0 0 0 0 0 0 0 0 0 0 0 1 0 0 0 0 0 0 0 0 0 0 0 0 0 0 0 0 0 0 0 0 0 0 0 0 0 0 0 0 0 0 0 0 0 0 0 0 0 0 0 0 0 0
 0 0 0 0 0 0 0 0 0 0 0 0 0 0 0 0 0 0 0 0 0 0 1 0 0 0 0 0 0 0 0 0 0 0 0 0 0 0 0 0 0 0 0 0 0 0 0 0 0 0 0 0 0 0 0 0 0 0 0 0 0 0 0 0
 0 0 0 0 0 0 0 0 0 0 0 0 0 0 0 0 0 0 0 0 0 0 0 1 0 0 0 0 0 0 0 0 0 0 0 0 0 0 0 0 0 0 0 0 0 0 0 0 0 0 0 0 0 0 0 0 0 0 0 0 0 0 0 0
 0 0 0 0 0 0 0 0 0 0 0 0 0 0 0 0 0 0 0 0 0 0 0 0 1 0 0 0 0 0 0 0 0 0 0 0 0 0 0 0 0 0 0 0 0 0 0 0 0 0 0 0 0 0 0 0 0 0 0 0 0 0 0 0
 0 0 0 0 0 0 0 0 0 0 0 0 0 0 0 0 0 0 0 0 0 0 0 0 0 1 0 0 0 0 0 0 0 0 0 0 0 0 0 0 0 0 0 0 0 0 0 0 0 0 0 0 0 0 0 0 0 0 0 0 0 0 0 0
 0 0 0 0 0 0 0 0 0 0 0 0 0 0 0 0 0 0 0 0 0 0 0 0 0 0 1 0 0 0 0 0 0 0 0 0 0 0 0 0 0 0 0 0 0 0 0 0 0 0 0 0 0 0 0 0 0 0 0 0 0 0 0 0
 0 0 0 0 0 0 0 0 0 0 0 0 0 0 0 0 0 0 0 0 0 0 0 0 0 0 0 1 0 0 0 0 0 0 0 0 0 0 0 0 0 0 0 0 0 0 0 0 0 0 0 0 0 0 0 0 0 0 0 0 0 0 0 0
 0 0 0 0 0 0 0 0 0 0 0 0 0 0 0 0 0 0 0 0 0 0 0 0 0 0 0 0 1 0 0 0 0 0 0 0 0 0 0 0 0 0 0 0 0 0 0 0 0 0 0 0 0 0 0 0 0 0 0 0 0 0 0 0
 0 0 0 0 0 0 0 0 0 0 0 0 0 0 0 0 0 0 0 0 0 0 0 0 0 0 0 0 0 1 0 0 0 0 0 0 0 0 0 0 0 0 0 0 0 0 0 0 0 0 0 0 0 0 0 0 0 0 0 0 0 0 0 0
 0 0 0 0 0 0 0 0 0 0 0 0 0 0 0 0 0 0 0 0 0 0 0 0 0 0 0 0 0 0 1 0 0 0 0 0 0 0 0 0 0 0 0 0 0 0 0 0 0 0 0 0 0 0 0 0 0 0 0 0 0 0 0 0
 0 0 0 0 0 0 0 0 0 0 0 0 0 0 0 0 0 0 0 0 0 0 0 0 0 0 0 0 0 0 0 1 0 0 0 0 0 0 0 0 0 0 0 0 0 0 0 0 0 0 0 0 0 0 0 0 0 0 0 0 0 0 0 0
 0 0 0 0 0 0 0 0 0 0 0 0 0 0 0 0 0 0 0 0 0 0 0 0 0 0 0 0 0 0 0 0 1 0 0 0 0 0 0 0 0 0 0 0 0 0 0 0 0 0 0 0 0 0 0 0 0 0 0 0 0 0 0 0
 0 0 0 0 0 0 0 0 0 0 0 0 0 0 0 0 0 0 0 0 0 0 0 0 0 0 0 0 0 0 0 0 0 1 0 0 0 0 0 0 0 0 0 0 0 0 0 0 0 0 0 0 0 0 0 0 0 0 0 0 0 0 0 0
 0 0 0 0 0 0 0 0 0 0 0 0 0 0 0 0 0 0 0 0 0 0 0 0 0 0 0 0 0 0 0 0 0 0 1 0 0 0 0 0 0 0 0 0 0 0 0 0 0 0 0 0 0 0 0 0 0 0 0 0 0 0 0 0
 0 0 0 0 0 0 0 0 0 0 0 0 0 0 0 0 0 0 0 0 0 0 0 0 0 0 0 0 0 0 0 0 0 0 0 1 0 0 0 0 0 0 0 0 0 0 0 0 0 0 0 0 0 0 0 0 0 0 0 0 0 0 0 0
 0 0 0 0 0 0 0 0 0 0 0 0 0 0 0 0 0 0 0 0 0 0 0 0 0 0 0 0 0 0 0 0 0 0 0 0 1 0 0 0 0 0 0 0 0 0 0 0 0 0 0 0 0 0 0 0 0 0 0 0 0 0 0 0
 0 0 0 0 0 0 0 0 0 0 0 0 0 0 0 0 0 0 0 0 0 0 0 0 0 0 0 0 0 0 0 0 0 0 0 0 0 1 0 0 0 0 0 0 0 0 0 0 0 0 0 0 0 0 0 0 0 0 0 0 0 0 0 0
 0 0 0 0 0 0 0 0 0 0 0 0 0 0 0 0 0 0 0 0 0 0 0 0 0 0 0 0 0 0 0 0 0 0 0 0 0 0 1 0 0 0 0 0 0 0 0 0 0 0 0 0 0 0 0 0 0 0 0 0 0 0 0 0
 0 0 0 0 0 0 0 0 0 0 0 0 0 0 0 0 0 0 0 0 0 0 0 0 0 0 0 0 0 0 0 0 0 0 0 0 0 0 0 1 0 0 0 0 0 0 0 0 0 0 0 0 0 0 0 0 0 0 0 0 0 0 0 0
 0 0 0 0 0 0 0 0 0 0 0 0 0 0 0 0 0 0 0 0 0 0 0 0 0 0 0 0 0 0 0 0 0 0 0 0 0 0 0 0 1 0 0 0 0 0 0 0 0 0 0 0 0 0 0 0 0 0 0 0 0 0 0 0
 0 0 0 0 0 0 0 0 0 0 0 0 0 0 0 0 0 0 0 0 0 0 0 0 0 0 0 0 0 0 0 0 0 0 0 0 0 0 0 0 0 1 0 0 0 0 0 0 0 0 0 0 0 0 0 0 0 0 0 0 0 0 0 0
 0 0 0 0 0 0 0 0 0 0 0 0 0 0 0 0 0 0 0 0 0 0 0 0 0 0 0 0 0 0 0 0 0 0 0 0 0 0 0 0 0 0 1 0 0 0 0 0 0 0 0 0 0 0 0 0 0 0 0 0 0 0 0 0
 0 0 0 0 0 0 0 0 0 0 0 0 0 0 0 0 0 0 0 0 0 0 0 0 0 0 0 0 0 0 0 0 0 0 0 0 0 0 0 0 0 0 0 1 0 0 0 0 0 0 0 0 0 0 0 0 0 0 0 0 0 0 0 0
 0 0 0 0 0 0 0 0 0 0 0 0 0 0 0 0 0 0 0 0 0 0 0 0 0 0 0 0 0 0 0 0 0 0 0 0 0 0 0 0 0 0 0 0 1 0 0 0 0 0 0 0 0 0 0 0 0 0 0 0 0 0 0 0
 0 0 0 0 0 0 0 0 0 0 0 0 0 0 0 0 0 0 0 0 0 0 0 0 0 0 0 0 0 0 0 0 0 0 0 0 0 0 0 0 0 0 0 0 0 1 0 0 0 0 0 0 0 0 0 0 0 0 0 0 0 0 0 0
 0 0 0 0 0 0 0 0 0 0 0 0 0 0 0 0 0 0 0 0 0 0 0 0 0 0 0 0 0 0 0 0 0 0 0 0 0 0 0 0 0 0 0 0 0 0 1 0 0 0 0 0 0 0 0 0 0 0 0 0 0 0 0 0
 0 0 0 0 0 0 0 0 0 0 0 0 0 0 0 0 0 0 0 0 0 0 0 0 0 0 0 0 0 0 0 0 0 0 0 0 0 0 0 0 0 0 0 0 0 0 0 1 0 0 0 0 0 0 0 0 0 0 0 0 0 0 0 0
 0 0 0 0 0 0 0 0 0 0 0 0 0 0 0 0 0 0 0 0 0 0 0 0 0 0 0 0 0 0 0 0 0 0 0 0 0 0 0 0 0 0 0 0 0 0 0 0 1 0 0 0 0 0 0 0 0 0 0 0 0 0 0 0
 0 0 0 0 0 0 0 0 0 0 0 0 0 0 0 0 0 0 0 0 0 0 0 0 0 0 0 0 0 0 0 0 0 0 0 0 0 0 0 0 0 0 0 0 0 0 0 0 0 1 0 0 0 0 0 0 0 0 0 0 0 0 0 0
 0 0 0 0 0 0 0 0 0 0 0 0 0 0 0 0 0 0 0 0 0 0 0 0 0 0 0 0 0 0 0 0 0 0 0 0 0 0 0 0 0 0 0 0 0 0 0 0 0 0 1 0 0 0 0 0 0 0 0 0 0 0 0 0
 0 0 0 0 0 0 0 0 0 0 0 0 0 0 0 0 0 0 0 0 0 0 0 0 0 0 0 0 0 0 0 0 0 0 0 0 0 0 0 0 0 0 0 0 0 0 0 0 0 0 0 1 0 0 0 0 0 0 0 0 0 0 0 0
 0 0 0 0 0 0 0 0 0 0 0 0 0 0 0 0 0 0 0 0 0 0 0 0 0 0 0 0 0 0 0 0 0 0 0 0 0 0 0 0 0 0 0 0 0 0 0 0 0 0 0 0 1 0 0 0 0 0 0 0 0 0 0 0
 0 0 0 0 0 0 0 0 0 0 0 0 0 0 0 0 0 0 0 0 0 0 0 0 0 0 0 0 0 0 0 0 0 0 0 0 0 0 0 0 0 0 0 0 0 0 0 0 0 0 0 0 0 1 0 0 0 0 0 0 0 0 0 0
 0 0 0 0 0 0 0 0 0 0 0 0 0 0 0 0 0 0 0 0 0 0 0 0 0 0 0 0 0 0 0 0 0 0 0 0 0 0 0 0 0 0 0 0 0 0 0 0 0 0 0 0 0 0 1 0 0 0 0 0 0 0 0 0
 0 0 0 0 0 0 0 0 0 0 0 0 0 0 0 0 0 0 0 0 0 0 0 0 0 0 0 0 0 0 0 0 0 0 0 0 0 0 0 0 0 0 0 0 0 0 0 0 0 0 0 0 0 0 0 1 0 0 0 0 0 0 0 0
 0 0 0 0 0 0 0 0 0 0 0 0 0 0 0 0 0 0 0 0 0 0 0 0 0 0 0 0 0 0 0 0 0 0 0 0 0 0 0 0 0 0 0 0 0 0 0 0 0 0 0 0 0 0 0 0 1 0 0 0 0 0 0 0
 0 0 0 0 0 0 0 0 0 0 0 0 0 0 0 0 0 0 0 0 0 0 0 0 0 0 0 0 0 0 0 0 0 0 0 0 0 0 0 0 0 0 0 0 0 0 0 0 0 0 0 0 0 0 0 0 0 1 0 0 0 0 0 0
 0 0 0 0 0 0 0 0 0 0 0 0 0 0 0 0 0 0 0 0 0 0 0 0 0 0 0 0 0 0 0 0 0 0 0 0 0 0 0 0 0 0 0 0 0 0 0 0 0 0 0 0 0 0 0 0 0 0 1 0 0 0 0 0
 0 0 0 0 0 0 0 0 0 0 0 0 0 0 0 0 0 0 0 0 0 0 0 0 0 0 0 0 0 0 0 0 0 0 0 0 0 0 0 0 0 0 0 0 0 0 0 0 0 0 0 0 0 0 0 0 0 0 0 1 0 0 0 0
 0 0 0 0 0 0 0 0 0 0 0 0 0 0 0 0 0 0 0 0 0 0 0 0 0 0 0 0 0 0 0 0 0 0 0 0 0 0 0 0 0 0 0 0 0 0 0 0 0 0 0 0 0 0 0 0 0 0 0 0 1 0 0 0
 0 0 0 0 0 0 0 0 0 0 0 0 0 0 0 0 0 0 0 0 0 0 0 0 0 0 0 0 0 0 0 0 0 0 0 0 0 0 0 0 0 0 0 0 0 0 0 0 0 0 0 0 0 0 0 0 0 0 0 0 0 1 0 0
 0 0 0 0 0 0 0 0 0 0 0 0 0 0 0 0 0 0 0 0 0 0 0 0 0 0 0 0 0 0 0 0 0 0 0 0 0 0 0 0 0 0 0 0 0 0 0 0 0 0 0 0 0 0 0 0 0 0 0 0 0 0 1 0
 0 0 0 0 0 0 0 0 0 0 0 0 0 0 0 0 0 0 0 0 0 0 0 0 0 0 0 0 0 0 0 0 0 0 0 0 0 0 0 0 0 0 0 0 0 0 0 0 0 0 0 0 0 0 0 0 0 0 0 0 0 0 0 1
 1 1 1 1 1 1 0 0 0 0 1 0 1 0 1 0 0 0 0 0 1 1 0 1 0 1 0 0 1 1 1 0 1 0 0 0 1 1 0 0 0 1 0 1 0 1 0 1 0 0 0 1 0 0 0 0 1 0 0 1 0 1 1 1
 0 1 0 0 0 0 1 0 0 0 1 1 1 1 1 1 0 0 0 0 1 0 1 1 1 1 1 0 1 0 0 1 1 1 0 0 1 0 1 0 0 1 1 1 1 1 1 1 1 0 0 1 1 0 0 0 1 1 0 1 1 1 0 0
 0 0 1 0 0 0 0 1 0 0 0 1 1 1 1 1 1 0 0 0 0 1 0 1 1 1 1 1 0 1 0 0 1 1 1 0 0 1 0 1 0 0 1 1 1 1 1 1 1 1 0 0 1 1 0 0 0 1 1 0 1 1 1 0
 0 0 0 1 0 0 0 0 1 0 0 0 1 1 1 1 1 1 0 0 0 0 1 0 1 1 1 1 1 0 1 0 0 1 1 1 0 0 1 0 1 0 0 1 1 1 1 1 1 1 1 0 0 1 1 0 0 0 1 1 0 1 1 1
 1 1 1 1 0 1 0 0 0 1 1 0 1 1 0 1 1 1 1 0 1 1 0 0 0 0 1 1 0 0 1 1 1 0 1 1 0 1 0 1 0 0 0 1 1 0 1 0 1 1 1 0 0 0 1 1 1 0 0 0 1 1 0 0
 1 0 1 1 1 0 1 0 0 0 1 1 0 1 1 0 1 1 1 1 0 1 1 0 0 0 0 1 1 0 0 1 1 1 0 1 1 0 1 0 1 0 0 0 1 1 0 1 0 1 1 1 0 0 0 1 1 1 0 0 0 1 1 0
 1 0 0 1 1 1 0 1 0 0 0 1 1 0 1 1 0 1 1 1 1 0 1 1 0 0 0 0 1 1 0 0 1 1 1 0 1 1 0 1 0 1 0 0 0 1 1 0 1 0 1 1 1 0 0 0 1 1 1 0 0 0 1 1
 0 1 1 1 0 0 1 0 1 0 1 0 0 1 1 1 1 0 1 1 0 0 0 0 1 1 0 0 1 0 0 0 1 1 1 1 1 0 1 0 1 1 1 1 0 1 1 0 0 1 0 0 1 1 0 0 1 1 1 0 0 1 1 0
 0 0 1 1 1 0 0 1 0 1 0 1 0 0 1 1 1 1 0 1 1 0 0 0 0 1 1 0 0 1 0 0 0 1 1 1 1 1 0 1 0 1 1 1 1 0 1 1 0 0 1 0 0 1 1 0 0 1 1 1 0 0 1 1
 1 1 1 0 0 0 0 0 1 0 0 0 0 0 1 1 1 1 1 0 0 0 0 1 0 1 1 1 1 1 0 0 1 0 1 1 0 0 1 0 1 1 1 0 1 0 0 0 1 0 0 0 0 0 1 1 1 0 1 0 1 1 1 0
 1 0 1 1 0 0 0 0 0 1 0 0 0 0 0 1 1 1 1 1 0 0 0 0 1 0 1 1 1 1 1 0 0 1 0 1 1 0 0 1 0 1 1 1 0 1 0 0 0 1 0 0 0 0 0 1 1 1 0 1 0 1 1 1
 0 1 1 0 0 1 0 0 0 0 0 0 1 0 1 0 1 1 1 1 0 1 0 1 0 0 0 1 0 0 0 1 1 0 1 0 0 0 0 0 1 1 1 0 1 1 1 1 0 0 1 1 0 0 0 0 0 1 1 1 1 1 0 0
 0 0 1 1 0 0 1 0 0 0 0 0 0 1 0 1 0 1 1 1 1 0 1 0 1 0 0 0 1 0 0 0 1 1 0 1 0 0 0 0 0 1 1 1 0 1 1 1 1 0 0 1 1 0 0 0 0 0 1 1 1 1 1 0
 0 0 0 1 1 0 0 1 0 0 0 0 0 0 1 0 1 0 1 1 1 1 0 1 0 1 0 0 0 1 0 0 0 1 1 0 1 0 0 0 0 0 1 1 1 0 1 1 1 1 0 0 1 1 0 0 0 0 0 1 1 1 1 1
 1 1 1 1 0 0 0 0 1 0 1 0 1 0 1 1 0 1 0 1 0 0 1 1 1 1 1 0 1 1 0 0 1 0 1 1 1 0 0 0 0 1 0 0 1 0 0 0 1 1 1 1 0 1 1 0 1 0 0 1 1 0 0 0
 1 0 1 1 1 0 0 0 0 1 0 1 0 1 0 1 1 0 1 0 1 0 0 1 1 1 1 1 0 1 1 0 0 1 0 1 1 1 0 0 0 0 1 0 0 1 0 0 0 1 1 1 1 0 1 1 0 1 0 0 1 1 0 0
 1 0 0 1 1 1 0 0 0 0 1 0 1 0 1 0 1 1 0 1 0 1 0 0 1 1 1 1 1 0 1 1 0 0 1 0 1 1 1 0 0 0 0 1 0 0 1 0 0 0 1 1 1 1 0 1 1 0 1 0 0 1 1 0
 1 0 0 0 1 1 1 0 0 0 0 1 0 1 0 1 0 1 1 0 1 0 1 0 0 1 1 1 1 1 0 1 1 0 0 1 0 1 1 1 0 0 0 0 1 0 0 1 0 0 0 1 1 1 1 0 1 1 0 1 0 0 1 1
 0 1 1 1 1 0 1 1 0 0 1 0 0 0 0 0 1 0 1 1 1 0 0 0 0 1 1 1 0 0 0 0 0 1 0 0 0 1 1 1 1 1 0 1 0 0 0 1 1 0 0 1 1 1 1 1 1 1 1 1 1 1 1 0
 0 0 1 1 1 1 0 1 1 0 0 1 0 0 0 0 0 1 0 1 1 1 0 0 0 0 1 1 1 0 0 0 0 0 1 0 0 0 1 1 1 1 1 0 1 0 0 0 1 1 0 0 1 1 1 1 1 1 1 1 1 1 1 1
 1 1 1 0 0 0 1 0 1 1 1 0 0 0 1 0 0 0 1 0 0 0 1 1 0 1 0 1 0 0 1 0 1 0 0 1 1 1 0 1 1 0 1 0 0 0 0 1 0 1 1 1 0 1 1 1 0 1 1 0 1 0 0 0
 1 0 1 1 0 0 0 1 0 1 1 1 0 0 0 1 0 0 0 1 0 0 0 1 1 0 1 0 1 0 0 1 0 1 0 0 1 1 1 0 1 1 0 1 0 0 0 0 1 0 1 1 1 0 1 1 1 0 1 1 0 1 0 0
 1 0 0 1 1 0 0 0 1 0 1 1 1 0 0 0 1 0 0 0 1 0 0 0 1 1 0 1 0 1 0 0 1 0 1 0 0 1 1 1 0 1 1 0 1 0 0 0 0 1 0 1 1 1 0 1 1 1 0 1 1 0 1 0
 1 0 0 0 1 1 0 0 0 1 0 1 1 1 0 0 0 1 0 0 0 1 0 0 0 1 1 0 1 0 1 0 0 1 0 1 0 0 1 1 1 0 1 1 0 1 0 0 0 0 1 0 1 1 1 0 1 1 1 0 1 1 0 1
 0 1 1 1 1 0 1 0 0 0 0 0 0 1 0 0 0 0 1 0 1 1 1 1 0 1 1 1 1 0 1 1 1 0 1 0 0 1 0 1 1 0 0 0 1 1 1 1 0 0 0 0 0 1 1 1 1 1 1 0 0 0 0 1
 1 1 0 0 0 0 0 1 0 0 1 0 1 0 0 0 0 0 0 1 1 0 1 0 1 1 1 1 0 0 1 1 0 1 0 1 1 1 1 0 1 0 0 1 0 0 1 0 1 0 0 1 0 0 1 1 0 1 1 0 0 1 1 1
 0 1 0 1 1 1 0 0 1 0 1 1 1 1 1 0 0 0 0 0 0 0 0 0 0 0 1 1 0 1 1 1 0 0 1 0 0 0 1 1 0 0 0 1 1 1 0 0 0 1 0 1 1 0 0 1 0 0 1 0 0 1 0 0
 0 0 1 0 1 1 1 0 0 1 0 1 1 1 1 1 0 0 0 0 0 0 0 0 0 0 0 1 1 0 1 1 1 0 0 1 0 0 0 1 1 0 0 0 1 1 1 0 0 0 1 0 1 1 0 0 1 0 0 1 0 0 1 0
 0 0 0 1 0 1 1 1 0 0 1 0 1 1 1 1 1 0 0 0 0 0 0 0 0 0 0 0 1 1 0 1 1 1 0 0 1 0 0 0 1 1 0 0 0 1 1 1 0 0 0 1 0 1 1 0 0 1 0 0 1 0 0 1
 1 1 1 1 0 1 1 1 1 0 1 1 1 1 0 1 1 1 0 0 1 1 0 1 0 1 0 0 1 0 0 0 0 1 1 0 1 0 0 0 0 0 1 1 0 1 1 0 1 0 0 1 1 0 1 1 1 0 1 1 0 0 1 1
 0 1 0 0 0 1 1 1 1 1 1 1 0 1 0 0 1 1 1 0 1 0 1 1 1 1 1 0 1 0 1 0 1 0 1 1 1 0 0 0 0 1 0 0 1 1 1 0 0 1 0 1 1 1 0 1 0 1 0 0 1 1 1 0
 0 0 1 0 0 0 1 1 1 1 1 1 1 0 1 0 0 1 1 1 0 1 0 1 1 1 1 1 0 1 0 1 0 1 0 1 1 1 0 0 0 0 1 0 0 1 1 1 0 0 1 0 1 1 1 0 1 0 1 0 0 1 1 1
 1 1 1 0 1 1 0 1 1 1 0 1 0 1 1 1 0 0 1 1 0 1 1 1 1 0 1 1 0 1 0 0 0 0 1 0 0 0 1 0 0 1 0 0 0 1 1 0 1 0 0 0 0 1 1 1 1 1 0 0 0 1 0 0
 1 0 1 1 0 1 1 0 1 1 1 0 1 0 1 1 1 0 0 1 1 0 1 1 1 1 0 1 1 0 1 0 0 0 0 1 0 0 0 1 0 0 1 0 0 0 1 1 0 1 0 0 0 0 1 1 1 1 1 0 0 0 1 0
 1 0 0 1 1 0 1 1 0 1 1 1 0 1 0 1 1 1 0 0 1 1 0 1 1 1 1 0 1 1 0 1 0 0 0 0 1 0 0 0 1 0 0 1 0 0 0 1 1 0 1 0 0 0 0 1 1 1 1 1 0 0 0 1
 0 1 1 1 0 0 0 1 1 0 0 1 0 0 0 0 1 1 1 0 1 0 1 1 1 0 1 1 1 0 0 0 0 0 0 0 1 0 0 0 0 0 0 1 1 1 0 1 1 1 0 0 0 0 0 0 0 1 1 0 1 1 1 1
 1 1 0 0 0 1 0 0 1 1 1 0 0 0 1 0 0 1 1 1 1 0 0 0 1 0 0 1 0 0 1 0 1 0 0 0 1 0 0 0 0 1 0 1 1 0 1 1 1 1 1 1 0 0 0 0 1 0 1 0 0 0 0 0
 1 0 1 0 0 0 1 0 0 1 1 1 0 0 0 1 0 0 1 1 1 1 0 0 0 1 0 0 1 0 0 1 0 1 0 0 0 1 0 0 0 0 1 0 1 1 0 1 1 1 1 1 1 0 0 0 0 1 0 1 0 0 0 0
 1 0 0 1 0 0 0 1 0 0 1 1 1 0 0 0 1 0 0 1 1 1 1 0 0 0 1 0 0 1 0 0 1 0 1 0 0 0 1 0 0 0 0 1 0 1 1 0 1 1 1 1 1 1 0 0 0 0 1 0 1 0 0 0
 1 0 0 0 1 0 0 0 1 0 0 1 1 1 0 0 0 1 0 0 1 1 1 1 0 0 0 1 0 0 1 0 0 1 0 1 0 0 0 1 0 0 0 0 1 0 1 1 0 1 1 1 1 1 1 0 0 0 0 1 0 1 0 0
 1 0 0 0 0 1 0 0 0 1 0 0 1 1 1 0 0 0 1 0 0 1 1 1 1 0 0 0 1 0 0 1 0 0 1 0 1 0 0 0 1 0 0 0 0 1 0 1 1 0 1 1 1 1 1 1 0 0 0 0 1 0 1 0
 1 0 0 0 0 0 1 0 0 0 1 0 0 1 1 1 0 0 0 1 0 0 1 1 1 1 0 0 0 1 0 0 1 0 0 1 0 1 0 0 0 1 0 0 0 0 1 0 1 1 0 1 1 1 1 1 1 0 0 0 0 1 0 1
 0 1 1 1 1 1 0 1 0 0 1 1 1 0 0 1 1 0 0 0 0 1 0 0 1 0 1 0 1 1 0 0 1 1 0 0 0 1 1 0 0 1 1 1 0 1 0 0 0 1 1 1 1 1 1 1 0 1 0 1 0 1 0 1
 1 1 0 0 0 0 1 0 1 0 1 1 0 1 1 0 1 1 0 0 1 1 1 1 0 0 0 1 1 0 0 0 1 1 1 0 1 1 1 1 0 1 1 0 1 1 1 1 0 0 1 0 1 1 1 1 0 0 1 1 1 1 0 1
 0 1 0 1 1 1 0 1 0 1 1 1 0 0 0 1 0 1 1 0 1 0 1 0 1 1 0 0 0 0 1 0 1 1 1 1 1 0 1 1 1 1 1 0 0 0 1 0 1 0 0 0 0 1 1 1 0 0 0 0 1 0 0 1
 1 1 0 1 0 0 1 0 1 0 0 1 0 0 1 0 1 0 1 1 1 0 0 0 0 0 1 0 1 1 1 1 1 1 1 1 0 0 0 1 1 0 1 0 0 1 0 0 0 1 0 1 0 0 1 1 0 0 0 1 0 0 1 1
 0 1 0 1 0 1 0 1 0 1 1 0 0 0 1 1 0 1 0 1 0 0 0 1 0 1 0 1 1 0 0 1 0 1 1 1 0 1 0 0 1 0 0 0 0 1 1 1 0 0 1 1 1 0 0 1 0 0 0 1 1 1 1 0
 0 0 1 0 1 0 1 0 1 0 1 1 0 0 0 1 1 0 1 0 1 0 0 0 1 0 1 0 1 1 0 0 1 0 1 1 1 0 1 0 0 1 0 0 0 0 1 1 1 0 0 1 1 1 0 0 1 0 0 0 1 1 1 1
 1 1 1 0 1 0 0 1 0 1 1 1 0 0 1 0 1 1 0 1 1 0 0 1 0 0 0 1 1 0 0 0 1 1 0 1 0 0 0 1 0 1 1 1 0 1 0 0 1 1 0 1 1 1 1 0 1 1 0 1 0 0 0 0
 1 0 1 1 0 1 0 0 1 0 1 1 1 0 0 1 0 1 1 0 1 1 0 0 1 0 0 0 1 1 0 0 0 1 1 0 1 0 0 0 1 0 1 1 1 0 1 0 0 1 1 0 1 1 1 1 0 1 1 0 1 0 0 0
 1 0 0 1 1 0 1 0 0 1 0 1 1 1 0 0 1 0 1 1 0 1 1 0 0 1 0 0 0 1 1 0 0 0 1 1 0 1 0 0 0 1 0 1 1 1 0 1 0 0 1 1 0 1 1 1 1 0 1 1 0 1 0 0
 1 0 0 0 1 1 0 1 0 0 1 0 1 1 1 0 0 1 0 1 1 0 1 1 0 0 1 0 0 0 1 1 0 0 0 1 1 0 1 0 0 0 1 0 1 1 1 0 1 0 0 1 1 0 1 1 1 1 0 1 1 0 1 0
 1 0 0 0 0 1 1 0 1 0 0 1 0 1 1 1 0 0 1 0 1 1 0 1 1 0 0 1 0 0 0 1 1 0 0 0 1 1 0 1 0 0 0 1 0 1 1 1 0 1 0 0 1 1 0 1 1 1 1 0 1 1 0 1
 0 1 1 1 1 1 1 1 0 1 1 0 0 0 0 1 1 0 0 1 1 0 1 1 1 0 0 0 0 1 1 0 0 1 0 0 1 0 1 0 1 1 0 1 1 1 1 0 1 0 1 1 0 1 1 0 0 1 1 0 0 0 0 1
 1 1 0 0 0 0 1 1 1 0 0 1 1 0 1 0 1 1 0 0 0 0 0 0 1 0 0 0 1 1 0 1 1 0 1 0 1 0 0 1 0 0 1 1 1 0 1 0 0 1 0 0 1 0 1 1 1 0 1 0 0 1 1 1
 0 1 0 1 1 1 0 1 1 1 1 0 0 1 1 1 0 1 1 0 1 1 0 1 0 0 0 0 1 0 0 0 0 1 0 1 1 0 0 0 1 1 0 0 1 0 0 0 0 0 1 1 0 1 0 1 0 1 0 0 0 1 0 0
 0 0 1 0 1 1 1 0 1 1 1 1 0 0 1 1 1 0 1 1 0 1 1 0 1 0 0 0 0 1 0 0 0 0 1 0 1 1 0 0 0 1 1 0 0 1 0 0 0 0 0 1 1 0 1 0 1 0 1 0 0 0 1 0
 0 0 0 1 0 1 1 1 0 1 1 1 1 0 0 1 1 1 0 1 1 0 1 1 0 1 0 0 0 0 1 0 0 0 0 1 0 1 1 0 0 0 1 1 0 0 1 0 0 0 0 0 1 1 0 1 0 1 0 1 0 0 0 1
 1 1 1 1 0 1 1 1 1 0 0 1 0 1 1 0 1 1 1 0 0 0 0 0 1 1 1 0 1 1 1 1 1 0 0 0 0 1 1 1 0 1 0 0 1 1 0 0 0 0 0 1 0 1 1 0 0 0 1 1 1 1 1 1
 0 1 0 0 0 1 1 1 1 1 1 0 0 0 0 1 0 1 1 1 1 1 0 1 0 0 1 1 1 0 0 1 0 1 0 0 1 1 1 1 1 1 1 1 0 0 1 1 0 0 0 1 1 0 1 1 1 0 0 0 1 0 0 0
 0 0 1 0 0 0 1 1 1 1 1 1 0 0 0 0 1 0 1 1 1 1 1 0 1 0 0 1 1 1 0 0 1 0 1 0 0 1 1 1 1 1 1 1 1 0 0 1 1 0 0 0 1 1 0 1 1 1 0 0 0 1 0 0
 0 0 0 1 0 0 0 1 1 1 1 1 1 0 0 0 0 1 0 1 1 1 1 1 0 1 0 0 1 1 1 0 0 1 0 1 0 0 1 1 1 1 1 1 1 1 0 0 1 1 0 0 0 1 1 0 1 1 1 0 0 0 1 0
 0 0 0 0 1 0 0 0 1 1 1 1 1 1 0 0 0 0 1 0 1 1 1 1 1 0 1 0 0 1 1 1 0 0 1 0 1 0 0 1 1 1 1 1 1 1 1 0 0 1 1 0 0 0 1 1 0 1 1 1 0 0 0 1
 1 1 1 1 1 0 0 0 0 1 0 1 0 1 0 0 0 0 0 1 1 0 1 0 1 0 0 1 1 1 0 1 0 0 0 1 1 0 0 0 1 0 1 0 1 0 1 0 0 0 1 0 0 0 0 1 0 0 1 0 1 1 1 1
useAED1
received_order_set.empty()0
idx  0 : 1.000000
idx  1 : 0.999999
idx  2 : 0.999997
idx  3 : 0.996705
idx  4 : 0.999990
idx  5 : 0.993601
idx  6 : 0.987897
idx  7 : 0.792074
idx  8 : 0.999914
idx  9 : 0.981566
idx 10 : 0.966439
idx 11 : 0.667170
idx 12 : 0.924502
idx 13 : 0.525960
idx 14 : 0.401544
idx 15 : 0.051257
idx 16 : 0.998884
idx 17 : 0.934302
idx 18 : 0.889680
idx 19 : 0.446030
idx 20 : 0.795744
idx 21 : 0.300362
idx 22 : 0.203277
idx 23 : 0.011536
idx 24 : 0.639770
idx 25 : 0.159847
idx 26 : 0.098926
idx 27 : 0.002576
idx 28 : 0.056201
idx 29 : 0.000813
idx 30 : 0.000412
idx 31 : 0.000000
idx 32 : 0.987714
idx 33 : 0.790603
idx 34 : 0.691958
idx 35 : 0.198011
idx 36 : 0.545513
idx 37 : 0.106174
idx 38 : 0.063007
idx 39 : 0.001025
idx 40 : 0.378871
idx 41 : 0.044894
idx 42 : 0.025037
idx 43 : 0.000159
idx 44 : 0.013292
idx 45 : 0.000044
idx 46 : 0.000022
idx 47 : 0.000000
idx 48 : 0.233699
idx 49 : 0.015529
idx 50 : 0.008272
idx 51 : 0.000017
idx 52 : 0.004277
idx 53 : 0.000005
idx 54 : 0.000002
idx 55 : 0.000000
idx 56 : 0.002176
idx 57 : 0.000001
idx 58 : 0.000001
idx 59 : 0.000000
idx 60 : 0.000000
idx 61 : 0.000000
idx 62 : 0.000000
idx 63 : 0.000000
idx 64 : 0.924675
idx 65 : 0.526418
idx 66 : 0.401987
idx 67 : 0.051387
idx 68 : 0.271974
idx 69 : 0.021537
idx 70 : 0.011606
idx 71 : 0.000034
idx 72 : 0.164886
idx 73 : 0.007423
idx 74 : 0.003877
idx 75 : 0.000004
idx 76 : 0.001983
idx 77 : 0.000001
idx 78 : 0.000000
idx 79 : 0.000000
idx 80 : 0.092189
idx 81 : 0.002229
idx 82 : 0.001141
idx 83 : 0.000000
idx 84 : 0.000578
idx 85 : 0.000000
idx 86 : 0.000000
idx 87 : 0.000000
idx 88 : 0.000291
idx 89 : 0.000000
idx 90 : 0.000000
idx 91 : 0.000000
idx 92 : 0.000000
idx 93 : 0.000000
idx 94 : 0.000000
idx 95 : 0.000000
idx 96 : 0.048980
idx 97 : 0.000615
idx 98 : 0.000311
idx 99 : 0.000000
idx 100 : 0.000157
idx 101 : 0.000000
idx 102 : 0.000000
idx 103 : 0.000000
idx 104 : 0.000079
idx 105 : 0.000000
idx 106 : 0.000000
idx 107 : 0.000000
idx 108 : 0.000000
idx 109 : 0.000000
idx 110 : 0.000000
idx 111 : 0.000000
idx 112 : 0.000039
idx 113 : 0.000000
idx 114 : 0.000000
idx 115 : 0.000000
idx 116 : 0.000000
idx 117 : 0.000000
idx 118 : 0.000000
idx 119 : 0.000000
idx 120 : 0.000000
idx 121 : 0.000000
idx 122 : 0.000000
idx 123 : 0.000000
idx 124 : 0.000000
idx 125 : 0.000000
idx 126 : 0.000000
idx 127 : 0.000000
=   7, 0.792074
=  11, 0.667170
=  13, 0.525960
=  14, 0.401544
=  15, 0.051257
=  19, 0.446030
=  21, 0.300362
=  22, 0.203277
=  23, 0.011536
=  27, 0.002576
=  29, 0.000813
=  30, 0.000412
=  31, 0.000000
=  39, 0.001025
=  43, 0.000159
=  45, 0.000044
=  46, 0.000022
=  47, 0.000000
=  51, 0.000017
=  53, 0.000005
=  54, 0.000002
=  55, 0.000000
=  57, 0.000001
=  58, 0.000001
=  59, 0.000000
=  60, 0.000000
=  61, 0.000000
=  62, 0.000000
=  63, 0.000000
=  71, 0.000034
=  75, 0.000004
=  77, 0.000001
=  78, 0.000000
=  79, 0.000000
=  83, 0.000000
=  85, 0.000000
=  86, 0.000000
=  87, 0.000000
=  89, 0.000000
=  90, 0.000000
=  91, 0.000000
=  92, 0.000000
=  93, 0.000000
=  94, 0.000000
=  95, 0.000000
=  99, 0.000000
= 101, 0.000000
= 103, 0.000000
= 107, 0.000000
= 108, 0.000000
= 109, 0.000000
= 110, 0.000000
= 111, 0.000000
= 115, 0.000000
= 117, 0.000000
= 118, 0.000000
= 119, 0.000000
= 121, 0.000000
= 122, 0.000000
= 123, 0.000000
= 124, 0.000000
= 125, 0.000000
= 126, 0.000000
= 127, 0.000000
get_basic_bhattacharyya_value 0.198997
total_bhattacharyya_value 3.404328 11111110211020002110200022202000211222202220200022202000200000002112222022202000222020002000000022202020222000002220200020000000
decode_idx=0 frozen relation_span=1 relation=[0]
decode_idx=1 frozen relation_span=1 relation=[1]
decode_idx=2 frozen relation_span=1 relation=[2]
decode_idx=3 frozen relation_span=1 relation=[3]
decode_idx=4 frozen relation_span=1 relation=[4]
decode_idx=5 frozen relation_span=1 relation=[5]
decode_idx=6 frozen relation_span=1 relation=[6]
decode_idx=7 info relation_span=0 relation=[]
decode_idx=8 frozen relation_span=2 relation=[7,8]
decode_idx=9 frozen relation_span=1 relation=[9]
decode_idx=10 frozen relation_span=1 relation=[10]
decode_idx=11 info relation_span=0 relation=[]
decode_idx=12 frozen relation_span=2 relation=[11,12]
decode_idx=13 info relation_span=0 relation=[]
decode_idx=14 info relation_span=0 relation=[]
decode_idx=15 info relation_span=0 relation=[]
decode_idx=16 frozen relation_span=4 relation=[13,14,15,16]
decode_idx=17 frozen relation_span=1 relation=[17]
decode_idx=18 frozen relation_span=1 relation=[18]
decode_idx=19 info relation_span=0 relation=[]
decode_idx=20 frozen relation_span=2 relation=[19,20]
decode_idx=21 info relation_span=0 relation=[]
decode_idx=22 info relation_span=0 relation=[]
decode_idx=23 info relation_span=0 relation=[]
decode_idx=24 frozen relation_span=4 relation=[21,22,23,24]
decode_idx=25 frozen relation_span=5 relation=[7,14,19,21,25]
decode_idx=26 frozen relation_span=4 relation=[14,21,22,26]
decode_idx=27 info relation_span=0 relation=[]
decode_idx=28 frozen relation_span=6 relation=[7,11,19,22,27,28]
decode_idx=29 info relation_span=0 relation=[]
decode_idx=30 info relation_span=0 relation=[]
decode_idx=31 info relation_span=0 relation=[]
decode_idx=32 frozen relation_span=5 relation=[11,29,30,31,32]
decode_idx=33 frozen relation_span=1 relation=[33]
decode_idx=34 frozen relation_span=1 relation=[34]
decode_idx=35 frozen relation_span=5 relation=[7,11,13,22,35]
decode_idx=36 frozen relation_span=5 relation=[7,11,13,22,36]
decode_idx=37 frozen relation_span=5 relation=[7,13,19,22,37]
decode_idx=38 frozen relation_span=5 relation=[7,11,13,21,38]
decode_idx=39 info relation_span=0 relation=[]
decode_idx=40 frozen relation_span=6 relation=[11,19,21,22,39,40]
decode_idx=41 frozen relation_span=5 relation=[14,19,21,22,41]
decode_idx=42 frozen relation_span=2 relation=[7,42]
decode_idx=43 info relation_span=0 relation=[]
decode_idx=44 frozen relation_span=8 relation=[7,11,13,14,21,22,43,44]
decode_idx=45 info relation_span=0 relation=[]
decode_idx=46 info relation_span=0 relation=[]
decode_idx=47 info relation_span=0 relation=[]
decode_idx=48 frozen relation_span=7 relation=[11,13,19,45,46,47,48]
decode_idx=49 frozen relation_span=4 relation=[11,14,22,49]
decode_idx=50 frozen relation_span=3 relation=[13,22,50]
decode_idx=51 info relation_span=0 relation=[]
decode_idx=52 frozen relation_span=6 relation=[11,13,19,21,51,52]
decode_idx=53 info relation_span=0 relation=[]
decode_idx=54 info relation_span=0 relation=[]
decode_idx=55 info relation_span=0 relation=[]
decode_idx=56 frozen relation_span=8 relation=[14,19,21,22,53,54,55,56]
decode_idx=57 info relation_span=0 relation=[]
decode_idx=58 info relation_span=0 relation=[]
decode_idx=59 info relation_span=0 relation=[]
decode_idx=60 info relation_span=0 relation=[]
decode_idx=61 info relation_span=0 relation=[]
decode_idx=62 info relation_span=0 relation=[]
decode_idx=63 info relation_span=0 relation=[]
decode_idx=64 frozen relation_span=9 relation=[22,57,58,59,60,61,62,63,64]
decode_idx=65 frozen relation_span=1 relation=[65]
decode_idx=66 frozen relation_span=1 relation=[66]
decode_idx=67 frozen relation_span=2 relation=[21,67]
decode_idx=68 frozen relation_span=2 relation=[21,68]
decode_idx=69 frozen relation_span=3 relation=[13,14,69]
decode_idx=70 frozen relation_span=6 relation=[7,11,13,19,21,70]
decode_idx=71 info relation_span=0 relation=[]
decode_idx=72 frozen relation_span=7 relation=[7,11,14,19,21,71,72]
decode_idx=73 frozen relation_span=6 relation=[7,11,13,19,22,73]
decode_idx=74 frozen relation_span=3 relation=[19,22,74]
decode_idx=75 info relation_span=0 relation=[]
decode_idx=76 frozen relation_span=7 relation=[11,13,19,21,22,75,76]
decode_idx=77 info relation_span=0 relation=[]
decode_idx=78 info relation_span=0 relation=[]
decode_idx=79 info relation_span=0 relation=[]
decode_idx=80 frozen relation_span=8 relation=[7,19,21,22,77,78,79,80]
decode_idx=81 frozen relation_span=4 relation=[7,13,19,81]
decode_idx=82 frozen relation_span=6 relation=[7,11,14,19,22,82]
decode_idx=83 info relation_span=0 relation=[]
decode_idx=84 frozen relation_span=6 relation=[7,13,14,19,83,84]
decode_idx=85 info relation_span=0 relation=[]
decode_idx=86 info relation_span=0 relation=[]
decode_idx=87 info relation_span=0 relation=[]
decode_idx=88 frozen relation_span=8 relation=[13,14,19,22,85,86,87,88]
decode_idx=89 info relation_span=0 relation=[]
decode_idx=90 info relation_span=0 relation=[]
decode_idx=91 info relation_span=0 relation=[]
decode_idx=92 info relation_span=0 relation=[]
decode_idx=93 info relation_span=0 relation=[]
decode_idx=94 info relation_span=0 relation=[]
decode_idx=95 info relation_span=0 relation=[]
decode_idx=96 frozen relation_span=12 relation=[7,11,13,14,89,90,91,92,93,94,95,96]
decode_idx=97 frozen relation_span=4 relation=[7,11,13,97]
decode_idx=98 frozen relation_span=6 relation=[7,13,14,19,21,98]
decode_idx=99 info relation_span=0 relation=[]
decode_idx=100 frozen relation_span=6 relation=[14,19,21,22,99,100]
decode_idx=101 info relation_span=0 relation=[]
decode_idx=102 frozen relation_span=19 relation=[7,11,13,14,19,22,23,30,43,46,54,57,58,77,78,89,99,101,102]
decode_idx=103 info relation_span=0 relation=[]
decode_idx=104 frozen relation_span=16 relation=[7,19,22,23,30,43,46,54,57,58,77,78,89,99,103,104]
decode_idx=105 frozen relation_span=21 relation=[13,15,21,22,23,29,30,45,46,53,54,58,59,60,71,75,86,90,91,92,105]
decode_idx=106 frozen relation_span=21 relation=[7,11,15,19,22,23,27,30,43,45,51,57,59,60,75,78,85,89,99,101,106]
decode_idx=107 info relation_span=0 relation=[]
decode_idx=108 info relation_span=0 relation=[]
decode_idx=109 info relation_span=0 relation=[]
decode_idx=110 info relation_span=0 relation=[]
decode_idx=111 info relation_span=0 relation=[]
decode_idx=112 frozen relation_span=29 relation=[13,14,21,22,27,29,43,46,51,53,54,57,58,71,78,85,86,89,90,91,92,99,101,107,108,109,110,111,112]
decode_idx=113 frozen relation_span=27 relation=[11,13,14,15,21,22,27,29,30,39,43,45,53,58,71,77,83,85,89,90,91,92,99,101,107,108,113]
decode_idx=114 frozen relation_span=18 relation=[7,13,14,15,19,21,30,39,53,71,75,77,86,89,101,107,108,114]
decode_idx=115 info relation_span=0 relation=[]
decode_idx=116 frozen relation_span=25 relation=[7,11,15,21,23,27,29,30,43,51,53,54,57,77,83,85,86,89,91,92,99,107,108,115,116]
decode_idx=117 info relation_span=0 relation=[]
decode_idx=118 info relation_span=0 relation=[]
decode_idx=119 info relation_span=0 relation=[]
decode_idx=120 frozen relation_span=25 relation=[11,13,15,19,21,27,29,30,39,51,53,58,59,60,78,83,85,90,99,107,108,117,118,119,120]
decode_idx=121 info relation_span=0 relation=[]
decode_idx=122 info relation_span=0 relation=[]
decode_idx=123 info relation_span=0 relation=[]
decode_idx=124 info relation_span=0 relation=[]
decode_idx=125 info relation_span=0 relation=[]
decode_idx=126 info relation_span=0 relation=[]
decode_idx=127 info relation_span=0 relation=[]
