SNR =  2.00, rawBER =  0.10, BLER =     1000/    4774 = 0.209468
SNR =  2.50, rawBER =  0.09, BLER =     1000/    9120 = 0.109649
