SNR =  2.00, rawBER =  0.10, BLER =     1000/    4774 = 0.209468
SNR =  2.50, rawBER =  0.09, BLER =     1000/    9120 = 0.109649
SNR =  3.00, rawBER =  0.08, BLER =     1000/   22132 = 0.045183
SNR =  3.50, rawBER =  0.07, BLER =     1000/   68496 = 0.014599
