SNR =  2.00, rawBER =  0.10, BLER =     1000/    5970 = 0.167504
SNR =  2.50, rawBER =  0.09, BLER =     1000/   12904 = 0.077495
SNR =  3.00, rawBER =  0.08, BLER =     1000/   36206 = 0.027620
SNR =  3.50, rawBER =  0.07, BLER =     1000/  133270 = 0.007504
