SNR =  2.00, rawBER =  0.10, BLER =     1000/    5970 = 0.167504
SNR =  2.50, rawBER =  0.09, BLER =     1000/   12904 = 0.077495
