SNR =  2.00, rawBER =  0.10, BLER =     1000/    6062 = 0.164962
SNR =  2.50, rawBER =  0.09, BLER =     1000/   13860 = 0.072150
