SNR =  2.00, rawBER =  0.10, BLER =     1000/   11852 = 0.084374
SNR =  2.50, rawBER =  0.09, BLER =     1000/   33963 = 0.029444
SNR =  3.00, rawBER =  0.08, BLER =     1000/  123417 = 0.008103
