SNR =  2.00, rawBER =  0.10, BLER =     1000/    8053 = 0.124177
SNR =  2.50, rawBER =  0.09, BLER =     1000/   18920 = 0.052854
