input_dim 21
hidden 32
M 16
branch_onehot 1
direction_largest 1
mean 21
2.0 0.7158496379852295 1.8920222520828247 1.661840558052063 2.607849597930908 0.0625 0.0625 0.0625 0.0625 0.0625 0.0625 0.0625 0.0625 0.0625 0.0625 0.0625 0.0625 0.0625 0.0625 0.0625 0.0625
std 21
1.0 0.6052612066268921 1.0384483337402344 0.531497597694397 0.858939528465271 0.24206146597862244 0.24206146597862244 0.24206146597862244 0.24206146597862244 0.24206146597862244 0.24206146597862244 0.24206146597862244 0.24206146597862244 0.24206146597862244 0.24206146597862244 0.24206146597862244 0.24206146597862244 0.24206146597862244 0.24206146597862244 0.24206146597862244 0.24206146597862244
W1 672
-3.896857430013146e-19 0.09129095077514648 0.10066808015108109 0.007492218166589737 -0.17907863855361938 0.12010234594345093 -0.2246665507555008 -0.21484379470348358 0.007769992109388113 -0.029623456299304962 -0.19692827761173248 -0.16489745676517487 0.2704380452632904 -0.06782861799001694 -0.2336140275001526 -0.20214839279651642 0.027256371453404427 0.034004587680101395 -0.19011719524860382 0.12221144884824753 -0.2042749971151352 1.3230641452921159e-19 -0.18145523965358734 0.3195402920246124 0.043411288410425186 -0.07435683906078339 0.04615073278546333 -0.17046107351779938 -0.2608118951320648 0.1808474212884903 0.1986425668001175 0.03186039626598358 -0.2603926360607147 0.2634057402610779 -0.09234746545553207 -0.15596558153629303 -0.0968547835946083 -0.2831031382083893 0.16273543238639832 0.08128809183835983 0.2190764844417572 0.13046792149543762 -2.065389526073602e-11 0.10220202058553696 -0.02825787104666233 -0.06742691248655319 0.1050667092204094 0.06254316121339798 0.23927035927772522 0.12396947294473648 -0.19646109640598297 -0.08905575424432755 0.18723732233047485 0.10946016013622284 -0.19443634152412415 -0.1138366088271141 -0.07541610300540924 0.25620314478874207 -0.2077900916337967 0.21988922357559204 -0.15213878452777863 0.19807173311710358 0.16268068552017212 5.0941543207863146e-20 0.30290573835372925 -0.3287218511104584 0.2247280478477478 -0.05488758534193039 0.023925170302391052 -0.23892341554164886 -0.07384331524372101 0.006946153473109007 0.06290345638990402 0.15021713078022003 0.12684719264507294 0.03367827460169792 -0.03406140208244324 0.02578989416360855 0.08071314543485641 0.17339353263378143 -0.06721477210521698 -0.2349490076303482 -0.08418430387973785 0.04439227283000946 1.874854751804378e-05 -0.2035580724477768 0.1290377676486969 -0.22756490111351013 -0.1082376092672348 -0.10618681460618973 0.1445121318101883 -0.17981378734111786 0.1618943214416504 0.038792602717876434 -0.2209089994430542 0.23131190240383148 -0.27129220962524414 0.12887871265411377 0.22324228286743164 -0.23477792739868164 0.17497999966144562 -0.2698521316051483 0.1061784103512764 0.041834402829408646 0.2610829472541809 3.242501406930387e-06 -0.24047419428825378 0.05480271950364113 0.06747788935899734 0.18553531169891357 -0.06148601323366165 0.06558309495449066 -0.231922447681427 0.10876180976629257 -0.30418357253074646 0.14456038177013397 -0.2243776023387909 0.27288511395454407 -0.20145313441753387 0.10789550095796585 0.19992023706436157 -0.2512550354003906 0.21427667140960693 0.06752146035432816 0.16308623552322388 0.09137315303087234 7.233587957272361e-19 -0.1005227267742157 0.11057651042938232 -0.22635962069034576 0.07641115039587021 0.21078206598758698 0.1695616990327835 0.1523982435464859 -0.20502576231956482 -0.2421322911977768 -0.12820179760456085 -0.21367573738098145 -0.006161638535559177 -0.2200867086648941 0.040451426059007645 0.047589775174856186 0.0038451310247182846 -0.24156978726387024 0.22040913999080658 0.17699243128299713 -0.28784802556037903 -1.755814054262353e-13 -0.3086901903152466 0.13110005855560303 0.12006589025259018 -0.07286474108695984 -0.11440642923116684 0.0609307698905468 0.016455885022878647 -0.00943109393119812 -0.2211790531873703 -0.11529834568500519 0.05344778299331665 0.16132426261901855 -0.0130380317568779 -0.18636281788349152 0.021853681653738022 0.15291759371757507 -0.005366012919694185 0.15101543068885803 -0.22947342693805695 -0.19629640877246857 -4.882594348825811e-19 -0.14352256059646606 0.3384786546230316 -0.04644560441374779 0.25502246618270874 -0.22974427044391632 -0.21251623332500458 -0.25287410616874695 -0.20396138727664948 0.20195652544498444 -0.12313750386238098 0.24490123987197876 -0.2605566382408142 0.12463821470737457 0.2516777515411377 -0.04247632622718811 0.2834514081478119 -0.10774616152048111 0.20723073184490204 -0.12340021878480911 0.20576265454292297 -1.4765248579351464e-06 0.016306912526488304 0.24764761328697205 -0.15814310312271118 -0.18122699856758118 -0.10597420483827591 -0.14540117979049683 -0.15799400210380554 -0.08189597725868225 0.15677426755428314 0.19822920858860016 -0.18544577062129974 -0.033535294234752655 0.1597321778535843 -0.04060138389468193 -0.17820493876934052 0.23612810671329498 0.21424996852874756 -0.27338549494743347 0.18488070368766785 0.24302875995635986 -7.39355954237908e-09 -0.17478521168231964 0.302715003490448 -0.12648271024227142 0.06589925289154053 -0.21449539065361023 0.12954702973365784 0.12956473231315613 0.13429954648017883 -0.03683193027973175 0.2383500039577484 -0.1696675419807434 -0.2770700752735138 0.018220720812678337 0.12490254640579224 0.26209568977355957 0.046714697033166885 0.22267590463161469 -0.2567652761936188 -0.07037267833948135 -0.0922226533293724 6.745410701114452e-07 -0.018157685175538063 0.3051912188529968 -0.13287290930747986 0.014563730917870998 0.2519608736038208 0.23985397815704346 -0.2793137729167938 0.13621501624584198 0.028505507856607437 -0.1633598655462265 0.10154393315315247 -0.179457426071167 -0.2341994196176529 -0.19510482251644135 -0.19724126160144806 0.23817755281925201 0.24589116871356964 -0.24571391940116882 -0.22367002069950104 -0.03394746780395508 1.1974194205621735e-11 -0.05021077021956444 0.13023708760738373 -0.14722120761871338 0.023768283426761627 -0.021902382373809814 0.12632928788661957 0.21274518966674805 0.05650445073843002 0.11702551692724228 -0.22791054844856262 0.015442718751728535 -0.22578789293766022 0.1627490371465683 -0.030722957104444504 -0.2105078548192978 -0.15090665221214294 -0.1668502390384674 0.023677704855799675 0.2848736643791199 0.10873943567276001 -2.1020362695289802e-16 -0.015097132883965969 0.2713760733604431 -0.21279385685920715 0.06477756053209305 0.19105011224746704 -0.15797953307628632 0.19960139691829681 -0.13040661811828613 -0.15443506836891174 0.2603854238986969 -0.13606704771518707 0.0384969562292099 0.011615163646638393 -0.19008611142635345 -0.22858761250972748 0.14682407677173615 -0.20811429619789124 0.17273491621017456 0.019868463277816772 -0.20638416707515717 7.333789663642248e-16 -0.28995904326438904 0.2406989485025406 -0.031318895518779755 0.25442662835121155 0.06336725503206253 0.14002583920955658 0.1631547510623932 -0.3313641846179962 -0.21364036202430725 -0.2106839269399643 -0.19388529658317566 0.006509451195597649 0.16189178824424744 0.11156608164310455 -0.14534991979599 0.15618503093719482 -0.1655101478099823 -0.056678034365177155 0.16928726434707642 0.17468738555908203 -4.074121273685798e-16 -0.10496252775192261 0.0503041110932827 -0.06731458008289337 0.1649109423160553 0.09334784746170044 -0.2327306717634201 0.2136598527431488 0.2055317610502243 0.03700903803110123 0.11105061322450638 -0.266709566116333 -0.07680385559797287 0.1258113980293274 -0.2487373650074005 0.18859700858592987 -0.25132784247398376 -0.22206109762191772 -0.2350955605506897 -0.2656605839729309 0.089137963950634 1.2525971214927267e-05 -0.29495343565940857 0.036938298493623734 0.11580163240432739 0.10499710589647293 0.17406311631202698 -0.23136167228221893 -0.1400928795337677 0.14462248980998993 -0.26958510279655457 -0.031815849244594574 0.16273163259029388 0.10137418657541275 0.20465794205665588 -0.18985921144485474 -0.13366694748401642 -0.12909770011901855 0.24180422723293304 -0.2621888518333435 -0.10199710726737976 0.1389124095439911 1.434704935454926e-16 -0.23306821286678314 0.2938913404941559 -0.03503463789820671 0.15082943439483643 0.08807733654975891 0.1576755940914154 0.21740303933620453 0.04874584451317787 -0.014055700041353703 0.15760520100593567 0.22627536952495575 -0.1658206433057785 0.187467560172081 0.12646925449371338 0.15848219394683838 -0.2927428185939789 -0.14888808131217957 -0.14496196806430817 0.20335857570171356 -0.06954796612262726 -8.94100144494027e-19 -0.33579644560813904 0.0018194621661677957 0.010993496514856815 0.12902292609214783 0.21109719574451447 0.2688283622264862 -0.22079163789749146 -0.05464396998286247 0.17612454295158386 -0.068821981549263 -0.22431771457195282 -0.2363826185464859 0.2208419144153595 -0.22037798166275024 -0.19287367165088654 -0.17308354377746582 0.26441970467567444 0.21910135447978973 -0.2488289773464203 -0.23718629777431488 3.1938878092047295e-19 -0.16424956917762756 -0.03928767889738083 -0.05444367602467537 -0.024454759433865547 0.1849375069141388 -0.08053655922412872 0.09222716093063354 0.10857956856489182 0.16757498681545258 -0.11485543847084045 0.24281738698482513 -0.17949357628822327 -0.19838958978652954 -0.15634144842624664 -0.09080782532691956 -0.2636483311653137 0.04519153758883476 0.10525070875883102 -0.21060314774513245 -0.14684127271175385 -3.1782339331000463e-19 0.04096326604485512 0.1195632815361023 -0.15661054849624634 0.11093264818191528 0.022544464096426964 0.22361178696155548 0.13799536228179932 0.14250297844409943 0.06455951929092407 0.03288174420595169 -0.1693575531244278 -0.09953518211841583 0.1291981190443039 0.22112812101840973 -0.1482873111963272 0.19313693046569824 0.13713374733924866 -0.03219623863697052 -0.2213010936975479 0.19299569725990295 -2.0785663365193233e-14 -0.07526922971010208 0.021961156278848648 -0.029835781082510948 -0.15302114188671112 -0.1623472273349762 -0.1590391844511032 -0.25337523221969604 0.18937745690345764 -0.27474430203437805 -0.16818366944789886 0.26984143257141113 0.15332643687725067 -0.15121419727802277 0.06496435403823853 0.14457088708877563 0.12898273766040802 -0.16807205975055695 -0.1987009197473526 -0.2324683964252472 0.26927638053894043 -1.784224542309046e-20 -0.00039259708137251437 -0.13327914476394653 -0.028013143688440323 0.11601465940475464 -0.12396983802318573 0.14304310083389282 -0.2303416132926941 0.11478288471698761 0.17498640716075897 0.09289296716451645 0.008236327208578587 -0.13335484266281128 -0.12930366396903992 0.09565165638923645 -0.1628974974155426 -0.12913447618484497 -0.10981375724077225 0.111085906624794 -0.014928768388926983 0.07589336484670639 -2.3568587532593725e-17 -0.056015849113464355 0.2512471675872803 -0.09922173619270325 0.14759321510791779 0.17023473978042603 -0.28349101543426514 -0.16232776641845703 -0.1463295817375183 0.12527607381343842 -0.22608818113803864 -0.2648891508579254 0.19349659979343414 0.13031592965126038 0.20721426606178284 0.30882182717323303 -0.19670188426971436 0.09611467272043228 0.125530406832695 -0.10111556947231293 -0.0424041673541069 3.041371883227839e-06 0.2974051237106323 -0.21574881672859192 0.19897402822971344 0.007571217603981495 0.048620738089084625 0.03713299334049225 -0.09013950824737549 0.12429835647344589 0.03798053786158562 -0.03281044960021973 0.07715936005115509 0.12306351214647293 0.09547722339630127 -0.14568515121936798 0.09232328087091446 -0.16875502467155457 0.09146839380264282 0.12505510449409485 0.12834420800209045 0.08505524694919586 2.268518012327192e-11 -0.1041291356086731 0.11797717213630676 -0.13118112087249756 -0.11017155647277832 0.1845591813325882 -0.2299240082502365 -0.30141037702560425 -0.17630566656589508 0.05103094503283501 0.23284845054149628 -0.08169642090797424 0.1715589016675949 -0.1336003541946411 0.18069298565387726 0.11452425271272659 0.021990837529301643 -0.23774656653404236 0.22151044011116028 0.1209007129073143 -0.2183210253715515 2.20340552914422e-06 -0.016393834725022316 -0.10304907709360123 0.07057281583547592 -0.2379375547170639 0.13016213476657867 0.21453753113746643 0.2944474518299103 0.20108604431152344 0.1279858648777008 -0.16930021345615387 0.221875861287117 0.14826573431491852 -0.07654678076505661 -0.275397390127182 -0.20048999786376953 -0.13906021416187286 -0.0829014703631401 -0.06896504759788513 -0.07948330044746399 -0.057942334562540054 -1.0361004948999128e-16 0.20426969230175018 -0.20581813156604767 0.1987084597349167 0.2355465292930603 0.08595345169305801 0.19767995178699493 -0.000884087523445487 -0.25184574723243713 -0.13680963218212128 0.05923987925052643 0.05542605370283127 0.10911603271961212 -0.03766140714287758 -0.13202126324176788 -0.11531467735767365 0.03646751493215561 0.19400280714035034 -0.18719781935214996 -0.07848100364208221 -0.09571917355060577 -1.0349659532948863e-05 -0.15930023789405823 0.2937989830970764 0.03005869686603546 0.20645549893379211 -0.1197550967335701 0.16821549832820892 -0.1392127424478531 0.19551751017570496 0.21839427947998047 0.21304214000701904 0.2270153909921646 0.22497478127479553 -0.15622836351394653 -0.16079162061214447 -0.18883906304836273 0.19457831978797913 -0.23747187852859497 -0.15214534103870392 -0.09757363051176071 -0.15356183052062988 -4.643897682399256e-06 -0.04632902890443802 0.2710558772087097 -0.15928947925567627 0.1305597573518753 -0.1426546424627304 -0.2952539920806885 0.18916459381580353 -0.11896254867315292 0.19670967757701874 0.23101523518562317 0.04693576693534851 -0.27391278743743896 0.22448588907718658 0.2324417233467102 0.19161969423294067 -0.2258191555738449 -0.12212729454040527 0.1345594823360443 -0.022198863327503204 -0.2250441014766693 -1.72309282788774e-05 0.13583023846149445 -0.07403842359781265 0.18895404040813446 0.3161429464817047 -0.22754837572574615 0.12237871438264847 0.11031132191419601 0.034677524119615555 0.0492703914642334 -0.1865234225988388 0.23149347305297852 -0.16954603791236877 -0.06800425797700882 0.02327531762421131 -0.011791912838816643 -0.1672988384962082 -0.2255772054195404 -0.20468296110630035 -0.245315283536911 -0.16479812562465668 -4.8270035222230945e-06 0.2955858111381531 -0.12648041546344757 0.14981836080551147 -0.007882887497544289 -0.06506885588169098 -0.04496952146291733 0.05317281559109688 0.013658648356795311 -0.163793683052063 -0.018421802669763565 -0.14423085749149323 0.026412533596158028 -0.2367791086435318 0.025822969153523445 0.028996970504522324 -0.20495617389678955 0.17933711409568787 0.11255333572626114 0.13778385519981384 0.2296246588230133
b1 32
0.1477317214012146 0.16723066568374634 -0.024550558999180794 0.04991784691810608 0.09575531631708145 0.3028388023376465 0.10168581455945969 0.08139524608850479 0.09965571761131287 0.23464635014533997 0.012951651588082314 -0.03745484724640846 0.20448267459869385 0.11321401596069336 0.21316903829574585 -0.06975125521421432 0.03463494032621384 0.3133244514465332 0.05113544315099716 0.07845289260149002 0.03641067072749138 0.09958949685096741 0.13584361970424652 0.032205983996391296 0.1644982546567917 0.17800721526145935 -0.09981096535921097 -0.11134645342826843 -0.0345451757311821 0.09922154992818832 0.12945522367954254 0.06454355269670486
W2 1024
0.16599668562412262 0.19169797003269196 -0.025623757392168045 -0.09775065630674362 -0.05346738174557686 0.10456289350986481 -0.0198978204280138 0.22659780085086823 0.25509607791900635 0.17865033447742462 -0.011631709523499012 0.0785607397556305 0.008841120637953281 0.2193755954504013 0.09577027708292007 0.15428569912910461 0.16893023252487183 -0.08280304074287415 0.009702462702989578 -0.05522976443171501 0.07720842957496643 0.18191902339458466 -0.07532186806201935 0.20391900837421417 0.16068483889102936 0.23803909122943878 0.09550207108259201 -0.005141564179211855 0.23815733194351196 0.05518057942390442 -0.15684232115745544 0.04498601332306862 0.11502128094434738 -0.08091631531715393 0.09092983603477478 -0.02902299351990223 -0.03757266327738762 -0.10421603918075562 0.06266997009515762 0.1146177351474762 -0.05394693464040756 -0.08176886290311813 -0.0010066694812849164 -0.14980722963809967 -0.0959368646144867 0.11917457729578018 0.1121339276432991 0.08485966175794601 -0.07199703902006149 -0.20155681669712067 -0.16603195667266846 -0.14791858196258545 -0.09703011065721512 -0.10884001851081848 -0.039972368627786636 0.1070621907711029 -0.08361037820577621 -0.16644494235515594 -0.14505857229232788 0.176276296377182 0.060317568480968475 0.05099162459373474 0.1853126585483551 0.15844649076461792 0.2058809995651245 0.18034790456295013 0.09618904441595078 -0.07120069861412048 0.17043504118919373 0.18291230499744415 0.25103750824928284 0.06640804558992386 0.1540144979953766 0.07962918281555176 0.03527069464325905 0.14804376661777496 0.14811952412128448 -0.05943012237548828 0.2634773850440979 0.03199594095349312 0.012187785468995571 0.24273891746997833 0.09540244191884995 0.20697654783725739 -0.03844095394015312 0.11940047889947891 0.1314295083284378 0.012830207124352455 0.07648935168981552 0.12391762435436249 0.1633196622133255 0.03948407247662544 0.08206912130117416 -0.06241261214017868 -0.10931658744812012 0.08157633244991302 -0.02627452276647091 -0.0068343160673975945 0.1252896934747696 0.15471455454826355 0.03883852809667587 -0.05927648767828941 0.014869806356728077 -0.0999101921916008 -0.02073659934103489 0.011498242616653442 -0.12379265576601028 -0.1517631560564041 -0.03260714188218117 -0.14640739560127258 0.03384700417518616 0.05167843773961067 0.07911395281553268 0.05518539249897003 -0.08635518699884415 -0.15094366669654846 0.03754942864179611 0.11630578339099884 0.12711936235427856 0.06548447161912918 -0.06567247956991196 0.03696716949343681 -0.03353377804160118 0.18360348045825958 0.06134076043963432 -0.12670423090457916 -0.016959285363554955 -0.10821856558322906 0.09870503097772598 0.04366558417677879 -0.06861775368452072 -0.05630131810903549 0.008217664435505867 0.08030667155981064 0.1336061805486679 0.14225567877292633 0.04263434186577797 -0.009858956560492516 0.13420163094997406 0.006766241509467363 0.004684296902269125 0.11165464669466019 0.26390254497528076 0.264945924282074 0.09362872689962387 0.03814490884542465 -0.0012219047639518976 0.25063231587409973 0.08609938621520996 0.15824180841445923 0.20187470316886902 0.23214662075042725 -0.09348664432764053 0.048036012798547745 0.1339760273694992 -0.20759044587612152 0.2306189239025116 0.1577860414981842 0.11066213995218277 0.16334539651870728 0.18374596536159515 0.22004148364067078 -0.024935780093073845 -0.04532685875892639 0.21776874363422394 0.27953293919563293 -0.0454363115131855 0.06199054419994354 0.15135464072227478 -0.05683154985308647 -0.0126992492005229 0.24958176910877228 0.0014493693597614765 0.20826086401939392 0.085797019302845 0.1518736481666565 0.009657754562795162 0.23138009011745453 0.025753263384103775 -0.039591338485479355 0.12456218898296356 0.17427246272563934 0.1032121479511261 -0.014110488817095757 -0.10366803407669067 0.07065470516681671 0.16994889080524445 0.08228126168251038 0.2455567717552185 0.04789360612630844 0.046823564916849136 -0.034494467079639435 -0.01206739991903305 0.0903189554810524 0.03925454989075661 0.029898669570684433 0.11431067436933517 0.00952301174402237 0.0068317586556077 0.08630362898111343 -0.16218267381191254 0.004711696412414312 0.09347476065158844 -0.1453389972448349 0.07433345913887024 0.029959365725517273 0.053440045565366745 -0.11718379706144333 0.022525668144226074 -0.18311281502246857 -0.12838345766067505 0.12970617413520813 -0.14544923603534698 -0.05463775619864464 -0.17390024662017822 -0.1184515655040741 -0.02182766981422901 0.06881023198366165 0.1261487752199173 -0.05648268759250641 -0.01652899570763111 -0.09721694141626358 -0.17908047139644623 -0.11509332805871964 0.004211321473121643 0.10693197697401047 0.16899369657039642 0.10536005347967148 0.021870750933885574 0.06500626355409622 0.013448430225253105 0.12256991118192673 0.09497430175542831 0.06474310159683228 0.22599688172340393 0.154180645942688 0.18958163261413574 0.11319401115179062 0.19197875261306763 0.21637170016765594 0.06507768481969833 0.023355240002274513 0.16904395818710327 0.1896323263645172 0.2885148823261261 0.11130237579345703 0.05411107465624809 0.2697778642177582 -0.07533982396125793 0.1750456988811493 0.08831267058849335 -0.12277674674987793 0.13231518864631653 0.16995836794376373 0.13166910409927368 -0.126860111951828 -0.07979410886764526 0.14807932078838348 -0.025732936337590218 0.006978948600590229 0.051430560648441315 0.24098527431488037 0.23268632590770721 0.08358541876077652 0.11668909341096878 0.2538996636867523 0.24997882544994354 0.26084646582603455 0.17196565866470337 -0.057263411581516266 0.1914599984884262 0.05353478714823723 0.24376101791858673 0.15096476674079895 0.04415016248822212 0.06058364734053612 0.017762159928679466 0.05902496725320816 0.1264229118824005 0.24449585378170013 -0.06777816265821457 0.05812272056937218 0.15838806331157684 -0.0060162837617099285 0.06273458898067474 0.22754307091236115 0.018300611525774002 -0.022472873330116272 -0.04091012105345726 -0.020404433831572533 0.17410694062709808 0.11673400551080704 0.20082195103168488 0.17518597841262817 0.032846443355083466 0.0022421220783144236 0.06329527497291565 -0.029123645275831223 0.18622104823589325 0.033229779452085495 0.025855019688606262 0.15451693534851074 0.16716144979000092 0.11422520130872726 0.19677281379699707 0.18401512503623962 0.05154823139309883 0.17561402916908264 0.11130251735448837 0.13938139379024506 -0.00470722233876586 0.15585213899612427 -0.18594889342784882 0.043008726090192795 -0.017348330467939377 0.06947697699069977 0.21352791786193848 0.17480364441871643 0.08485820144414902 -0.1253463327884674 -0.16204175353050232 -0.09148503094911575 0.0791989415884018 -0.14401079714298248 -0.15119832754135132 -0.12682215869426727 0.0537867434322834 0.1290941834449768 -0.03316045552492142 -0.09697069227695465 0.004084949381649494 0.038215272128582 -0.03168543800711632 -0.072098009288311 0.12924185395240784 -0.032433655112981796 -0.015838168561458588 0.041635505855083466 -0.15011192858219147 0.02265821397304535 0.04064448922872543 -0.027932576835155487 0.012985696084797382 -0.06583736091852188 -0.1656167209148407 0.06930993497371674 -0.12485004216432571 -0.1076396107673645 -0.037071406841278076 -0.07782670110464096 -0.03911428153514862 0.1272629350423813 0.09162335097789764 0.005899135023355484 0.04712538793683052 0.12367180734872818 -0.12621523439884186 -0.02877095341682434 -0.10324661433696747 0.11915706098079681 0.03113873116672039 -0.0857091099023819 -0.039204034954309464 -0.11029145866632462 -0.10259286314249039 -0.18043695390224457 0.07119892537593842 0.1757509410381317 -0.13825678825378418 -0.0038185256998986006 0.03372887149453163 0.05526407063007355 -0.07550724595785141 0.042378224432468414 0.15034841001033783 0.01274765282869339 0.10426986217498779 -0.09907013177871704 0.1215716004371643 0.26276928186416626 0.07352157682180405 -0.06161385402083397 0.19411462545394897 0.2816106975078583 0.03419983386993408 0.10452095419168472 -0.11953184008598328 0.03708116337656975 -0.05211819335818291 -0.1264859139919281 0.05532068759202957 -0.14275230467319489 -0.007223892491310835 -0.053036417812108994 -0.017774879932403564 -0.05122968181967735 -0.15380027890205383 0.05972583219408989 -0.07822172343730927 -0.05126212164759636 0.032608918845653534 0.008544737473130226 0.12300239503383636 -0.1729736030101776 -0.13272790610790253 0.13734634220600128 0.04112749174237251 -0.04493970051407814 0.07768268883228302 -0.19004513323307037 -0.001391720725223422 0.1746901422739029 0.09584932029247284 -0.08309806883335114 0.15277187526226044 0.015449950471520424 -0.024999016895890236 -0.1890370100736618 -0.0192724596709013 0.08783295005559921 -0.18339763581752777 -0.05224185809493065 -0.0026053462643176317 -0.12328732013702393 0.10142158716917038 -0.018903110176324844 0.12733404338359833 -0.044858094304800034 0.08790405094623566 0.04133987054228783 0.01484049204736948 -0.1282612383365631 -0.06598944962024689 -0.08290735632181168 0.1014619991183281 0.023704184219241142 0.052661698311567307 -0.006626010872423649 -0.09201579540967941 -0.06872076541185379 -0.08786118030548096 -0.09142641723155975 -0.1020292118191719 0.04266577959060669 0.006490084808319807 -0.03093336895108223 -0.14717508852481842 -0.0720205307006836 0.06124225631356239 -0.053673893213272095 0.1087859719991684 -0.17246143519878387 0.062073878943920135 0.10157705098390579 0.24730847775936127 0.11889876425266266 0.16324067115783691 0.12224485725164413 0.18896223604679108 0.050032202154397964 0.2060646414756775 0.17421120405197144 0.016596142202615738 0.1241515502333641 0.011030206456780434 0.23498448729515076 0.03199455142021179 -0.048344098031520844 0.0024234214797616005 0.09235893189907074 0.1277962476015091 0.06270524859428406 0.0030474476516246796 0.12807123363018036 0.06896847486495972 0.10972482711076736 0.037794146686792374 0.1989590972661972 -0.06489880383014679 0.08186652511358261 -0.04487382993102074 0.056015972048044205 0.05838405713438988 -0.04774310439825058 -0.06602783501148224 0.2503468692302704 -0.02953367494046688 0.2484782487154007 -0.058898188173770905 0.24453654885292053 0.2332402616739273 -0.017500143498182297 0.031492315232753754 -0.07003898918628693 0.2593366801738739 0.02467356063425541 0.03797677159309387 0.25121206045150757 0.18563087284564972 -0.011252295225858688 0.1436576396226883 -0.03758424520492554 0.023853139951825142 0.15003469586372375 -0.11673341691493988 0.025440430268645287 -0.0029052223544567823 -0.045167773962020874 0.03310225158929825 0.22488977015018463 0.08626124262809753 0.0672372356057167 -0.08000566810369492 0.24116180837154388 0.09083996713161469 0.00041094759944826365 0.2408875674009323 0.15084142982959747 0.08259141445159912 0.02941911108791828 0.1921878606081009 0.17623381316661835 0.10084117949008942 0.05352458730340004 0.0004697979602497071 0.0713583454489708 -0.03779519349336624 0.09890367835760117 0.07748235017061234 -0.04519450664520264 0.128698468208313 0.19610269367694855 0.03234325349330902 0.17628102004528046 0.10786912590265274 0.2053118199110031 -0.15519960224628448 0.1007801964879036 0.10623545944690704 0.001452652271836996 0.12905901670455933 0.008523299358785152 0.02916143648326397 0.13660353422164917 0.22038275003433228 0.021884391084313393 0.11257579177618027 -0.06091134622693062 0.08037204295396805 0.14544677734375 -0.014261757954955101 0.1906987428665161 0.17679056525230408 0.23473593592643738 0.2130277305841446 -0.05655895546078682 0.03144223242998123 0.026196332648396492 -0.0025912695564329624 0.02576882764697075 0.09852781891822815 0.05236544460058212 0.21383151412010193 0.06005408614873886 0.058182310312986374 0.189064621925354 0.16779689490795135 0.026207419112324715 0.08123506605625153 0.06821800768375397 0.04501903057098389 -0.06072906032204628 0.23860937356948853 0.24133791029453278 -0.048081837594509125 -0.04072292149066925 0.26977211236953735 -0.09264708310365677 0.23564469814300537 0.15871477127075195 0.13405518233776093 0.005013701040297747 0.008374570868909359 -0.07380758225917816 0.08040144294500351 -0.00593908317387104 -5.870856693945825e-05 -0.013979066163301468 -0.01957816630601883 0.12427952885627747 -0.22097212076187134 -0.06155559793114662 -0.1429947316646576 0.06696175783872604 -0.08289751410484314 0.07667345553636551 0.09158378094434738 -0.023583555594086647 0.19534972310066223 0.09358639270067215 0.25538286566734314 -0.06348013132810593 0.0524444505572319 0.2561841905117035 -0.1937517672777176 -0.10123124718666077 0.1261812448501587 0.15583652257919312 0.021151363849639893 0.07414969056844711 -0.033159609884023666 -0.08664554357528687 0.02472592331469059 0.0971551388502121 -0.19107961654663086 -0.12147712707519531 -0.06400323659181595 -0.08828596770763397 0.11628049612045288 -0.009174983017146587 0.11799968779087067 0.10897321254014969 0.004603036679327488 -0.08440455049276352 0.10507044196128845 0.03151614964008331 0.043492671102285385 0.013211576268076897 -0.14807502925395966 0.026019256561994553 0.010393391363322735 0.07357030361890793 0.025404129177331924 -0.18534603714942932 -0.16474471986293793 -0.010505703277885914 -0.12625382840633392 -0.029621677473187447 -0.15691088140010834 0.03361900895833969 0.06259036064147949 0.06825156509876251 -0.09256739169359207 0.09190434962511063 -0.14083674550056458 -0.020950352773070335 0.06430886685848236 -0.07840549200773239 0.02388637326657772 -0.014318292960524559 -0.08431147783994675 -0.03318703547120094 -0.12098033726215363 -0.014328590594232082 0.07279932498931885 0.012733610346913338 0.09043727070093155 -0.0781194269657135 -0.11743967980146408 -0.13854950666427612 -0.14578527212142944 0.06174375116825104 0.1294044554233551 0.12054777890443802 0.15671132504940033 0.0521373488008976 0.08779460191726685 0.057541508227586746 -0.08968440443277359 0.0016597468638792634 -0.035727862268686295 0.12470685690641403 0.15198750793933868 0.19295266270637512 0.11904194205999374 -0.09966356307268143 0.08102647215127945 0.010476606898009777 0.1295129805803299 0.0016560893272981048 0.1843007355928421 0.1975586861371994 -0.01472349464893341 -0.04160068556666374 0.22355124354362488 -0.03801657631993294 0.10279744118452072 -0.05638902261853218 -0.02808450721204281 0.14253994822502136 0.15136200189590454 0.18656328320503235 0.10908076167106628 0.0627867579460144 0.04579870030283928 -0.015939613804221153 0.03334157541394234 0.06624072790145874 0.08537083119153976 -0.08777357637882233 0.17169342935085297 -0.018743418157100677 0.15811915695667267 -0.06714995205402374 -0.041525933891534805 -0.01237582415342331 0.17052891850471497 -0.1306176483631134 0.23327681422233582 0.21843381226062775 0.02283501625061035 0.027306005358695984 -0.007521674036979675 0.05028253421187401 0.26098132133483887 0.11374099552631378 0.05870963633060455 0.03939339891076088 0.021103983744978905 0.06691466271877289 0.2692508101463318 0.2864043414592743 0.05073554441332817 0.16659149527549744 0.020910317078232765 0.15572991967201233 0.12775588035583496 0.2637914717197418 -0.07744239270687103 0.007002041209489107 -0.032036758959293365 0.1988377720117569 0.08653541654348373 -0.033755332231521606 -0.0051790704019367695 -0.051721688359975815 -0.04493413493037224 0.03983350470662117 0.10672631114721298 -0.06405472010374069 0.11126947402954102 0.04447140917181969 0.2427023947238922 -0.018712373450398445 0.08951197564601898 0.20044687390327454 0.03571440279483795 0.10322906076908112 0.062466152012348175 0.2358808070421219 0.24000684916973114 0.08639143407344818 0.18285225331783295 0.11275775730609894 0.1093323826789856 0.031416766345500946 -0.06914758682250977 0.06707986444234848 -0.06288132071495056 -0.030541326850652695 0.023618139326572418 0.06268511712551117 0.10227494686841965 0.016492342576384544 0.059446293860673904 0.21432778239250183 -0.05314446985721588 -0.03232277184724808 0.15643982589244843 0.037223149091005325 0.015380767174065113 -0.17627261579036713 0.0006363877328112721 0.2097613364458084 0.11353617161512375 0.06387772411108017 0.08533596992492676 0.04090145230293274 0.24263958632946014 -0.0173336174339056 0.17113631963729858 0.08796525746583939 0.06697560101747513 0.07153590023517609 0.15259413421154022 0.27443820238113403 0.06119798123836517 0.17014716565608978 0.10286225378513336 0.11223066598176956 0.14740052819252014 0.24509578943252563 0.05780046805739403 0.0990319550037384 0.0568552240729332 0.030758140608668327 0.009976433590054512 -0.04653928428888321 0.006637971382588148 -0.02995338849723339 0.16718828678131104 0.17392857372760773 -0.05657756328582764 0.049146831035614014 -0.08280280977487564 0.016724051907658577 0.21691736578941345 0.038547415286302567 0.19639235734939575 0.1173839345574379 0.12229457497596741 0.17536011338233948 -0.038158200681209564 0.14023953676223755 0.2056833654642105 0.08797039836645126 0.1131148636341095 0.07833221554756165 0.13548067212104797 -0.04789908602833748 0.11764077097177505 0.1358131319284439 -0.07514506578445435 0.15484747290611267 -0.04239003732800484 0.1253272294998169 0.12312302738428116 -0.05224289000034332 0.050713133066892624 0.22432024776935577 0.062389224767684937 -0.03425486013293266 0.18736693263053894 -0.12767508625984192 0.07851066440343857 0.3028503358364105 0.12611418962478638 0.03522343561053276 0.07637098431587219 -0.14948399364948273 0.004742259159684181 -0.01218755915760994 0.08313242346048355 0.06098341941833496 0.049688670784235 0.0707642138004303 -0.27731841802597046 0.021623793989419937 -0.1242411807179451 -0.11318033188581467 -0.11676578968763351 0.0018395374063402414 0.018069129437208176 0.03228379040956497 0.12412457913160324 0.051335979253053665 0.10254663974046707 0.10701777040958405 0.24672603607177734 0.310435950756073 -0.039523184299468994 -0.16590915620326996 0.2069878876209259 0.3539089262485504 -0.05112254247069359 0.10281866788864136 -0.04033854603767395 0.1980949193239212 0.043265074491500854 -0.14149285852909088 0.05686517804861069 0.028535783290863037 -0.03409038856625557 0.10312975943088531 0.11651619523763657 -0.15094181895256042 -0.05706516280770302 0.030036820098757744 -0.0576607920229435 -0.0017214189283549786 -0.023446207866072655 -0.1462341547012329 -0.1374770700931549 -0.12859897315502167 -0.05934014916419983 0.0818534791469574 0.05771617963910103 -0.02505987510085106 0.06342750787734985 -0.021014604717493057 0.17044220864772797 0.019702553749084473 0.08936326950788498 0.0703006163239479 0.20203006267547607 0.03163342550396919 -0.0007385912467725575 0.24330265820026398 0.11387915909290314 -0.055770393460989 0.06806666404008865 0.13760562241077423 0.22590422630310059 -0.006241470109671354 0.15984851121902466 0.12718816101551056 0.09290936589241028 -0.02036864683032036 0.013422154821455479 0.023291053250432014 0.21804675459861755 0.0583883598446846 0.11989859491586685 0.23741501569747925 0.14598286151885986 0.18390601873397827 -0.06961491703987122 0.16765311360359192 0.06752903759479523 0.13066412508487701 -0.07913337647914886 0.24551160633563995 -0.029246781021356583 -0.04008476436138153 0.20348550379276276 0.08603063970804214 0.10649007558822632 0.02855524979531765 -0.03779302164912224 -0.006854696199297905 -0.06925290822982788 -0.0951843187212944 -0.14360730350017548 0.10052727907896042 -0.027300767600536346 0.009779750369489193 0.053877077996730804 -0.08326061815023422 -0.15015698969364166 -0.00378038315102458 0.054901257157325745 -0.07391427457332611 0.024018311873078346 0.0925728976726532 -0.011591614224016666 -0.09113489091396332 -0.06268815696239471 -0.1261204481124878 -0.017700672149658203 -0.03869426250457764 -0.002053807722404599 0.038111310452222824 -0.12983950972557068 0.09442995488643646 -0.002423652447760105 -0.01825915277004242 -0.049171142280101776 0.10398193448781967 0.08983241766691208 -0.09403183311223984 0.012252210639417171 0.2204168289899826 -0.05576799064874649 0.07774510234594345 -0.012533667497336864 0.2595069408416748 -0.051502637565135956 0.08744927495718002 0.12202367186546326 0.12008903175592422 0.06751251965761185 0.15418662130832672 0.19418229162693024 0.1948649138212204 0.017724355682730675 0.05327805131673813 -0.05314747616648674 0.07929296791553497 0.02075880579650402 -0.08128862828016281 0.1080675721168518 0.11003558337688446 -0.08506985753774643 0.19459760189056396 -0.038925204426050186 -0.06179030239582062 -0.01856696791946888 -0.1169075295329094 0.17750036716461182 0.19190537929534912 0.07715526223182678 -0.03236180543899536 -0.010869010351598263 0.05009504780173302 0.07589541375637054 0.04159172996878624 0.1606849879026413 0.044682055711746216 -0.011332381516695023 0.2269027978181839 -0.02236424945294857 0.02089495025575161 0.005756857339292765 -0.017142510041594505 0.1578863561153412 0.16802172362804413 0.10080301016569138 -0.025145988911390305 0.07601135224103928 0.2826872766017914 -0.0055357846431434155 0.06511209905147552 0.1519576758146286 0.17895397543907166 -0.007651148363947868 0.08456704765558243 0.020113876089453697 0.06384673714637756 0.14818990230560303 -0.010051826946437359 0.11904998123645782 0.06779734790325165 -0.11403597146272659 -0.09715763479471207
b2 32
0.11758211255073547 -0.0003558220632839948 -0.0940326675772667 -0.08747555315494537 -0.0074952091090381145 -0.018467262387275696 0.09472640603780746 0.047226786613464355 0.018232783302664757 -0.042691510170698166 0.03065619245171547 -0.012237422168254852 0.06883920729160309 0.035609401762485504 0.02601330168545246 0.17405635118484497 -0.06573733687400818 -0.07451935112476349 -0.0275123231112957 -0.0996021032333374 -0.0350378043949604 0.05877663567662239 0.08871712535619736 0.1620844006538391 0.09706252813339233 -0.005929576698690653 -0.039125192910432816 -0.1145193949341774 0.0463656410574913 -0.024607699364423752 0.15077556669712067 0.17445586621761322
W3 32
0.1848779320716858 -0.11431511491537094 0.1322295069694519 -0.10017384588718414 0.2952815890312195 0.2965148091316223 -0.05174589902162552 0.2092314213514328 0.15143901109695435 0.2905915379524231 -0.12175966054201126 -0.21760274469852448 -0.06408276408910751 -0.13153178989887238 0.15758943557739258 0.23826636373996735 0.2588728368282318 0.23613572120666504 -0.2872413098812103 -0.055294670164585114 -0.10637841373682022 0.29988932609558105 0.29873839020729065 0.24142080545425415 0.1043008416891098 0.2744128406047821 -0.3843570053577423 -0.20194211602210999 0.19458405673503876 -0.013886066153645515 0.11898152530193329 0.14326953887939453
b3 1
0.16759857535362244
feature_cols 21
t16_active t16_pm_min t16_pm_gap t16_pm_mean t16_pm_max branch_0 branch_1 branch_2 branch_3 branch_4 branch_5 branch_6 branch_7 branch_8 branch_9 branch_10 branch_11 branch_12 branch_13 branch_14 branch_15
