input_dim 21
hidden 32
M 16
branch_onehot 1
direction_largest 1
mean 21
2.0 0.7846676111221313 2.0356199741363525 1.8024407625198364 2.8202812671661377 0.0625 0.0625 0.0625 0.0625 0.0625 0.0625 0.0625 0.0625 0.0625 0.0625 0.0625 0.0625 0.0625 0.0625 0.0625 0.0625
std 21
1.0 0.8277960419654846 0.9597193002700806 0.7159855365753174 0.8947854042053223 0.24206146597862244 0.24206146597862244 0.24206146597862244 0.24206146597862244 0.24206146597862244 0.24206146597862244 0.24206146597862244 0.24206146597862244 0.24206146597862244 0.24206146597862244 0.24206146597862244 0.24206146597862244 0.24206146597862244 0.24206146597862244 0.24206146597862244 0.24206146597862244
W1 672
-1.955661588226576e-07 -0.24640116095542908 0.3943025767803192 -0.24793554842472076 -0.029069965705275536 0.15042975544929504 -0.20559951663017273 -0.17788229882717133 0.1620742678642273 0.2151501327753067 0.11704210191965103 0.20488843321800232 0.17684653401374817 -0.17502525448799133 0.06693501025438309 -0.286710262298584 -0.16113506257534027 0.041101861745119095 -0.1847359836101532 0.13756611943244934 0.27085766196250916 3.5002604223879495e-17 -0.07432609796524048 0.28307461738586426 -0.3010300099849701 0.11611779034137726 0.12291174381971359 -0.049514040350914 0.02729324996471405 -0.03459221124649048 -0.10343146324157715 0.18288731575012207 -0.288999080657959 0.20758864283561707 -0.15904022753238678 -0.18371397256851196 0.25362178683280945 -0.29329854249954224 0.19402188062667847 -0.2543182671070099 0.2508755028247833 -0.19997116923332214 -3.230663338354171e-22 -0.0319635234773159 0.03683474287390709 0.18652281165122986 -0.09379854053258896 -0.05392422527074814 0.06636880338191986 -0.05448616296052933 0.12505291402339935 -0.16632167994976044 0.10836464911699295 0.08857952803373337 -0.17682413756847382 0.1810666173696518 0.07060622423887253 -0.10101471841335297 -0.10040690749883652 0.07373322546482086 -0.07365252077579498 0.07241372019052505 0.009747516363859177 -1.2833694995606493e-07 0.0335967093706131 0.33108630776405334 -0.2519153952598572 0.11420660465955734 0.22395740449428558 0.06650251895189285 0.22682495415210724 0.13487690687179565 0.16865533590316772 0.10573844611644745 -0.08160408586263657 0.1535363644361496 0.23993343114852905 -0.2739395499229431 -0.12117529660463333 0.27456554770469666 -0.3027009963989258 0.17634759843349457 -0.12928830087184906 0.2322077453136444 -4.181536962798464e-16 0.11302504688501358 0.18606901168823242 0.1706462800502777 -0.08460389822721481 -0.11314233392477036 0.1500067561864853 -0.07629101723432541 -0.01656222529709339 -0.034700676798820496 -0.0520281121134758 -0.0741821825504303 -0.08096835762262344 0.12377281486988068 -0.09220578521490097 0.022579556331038475 -0.08674025535583496 0.08766132593154907 0.11112218350172043 0.1872786432504654 -0.07412777841091156 -2.6037361749331467e-05 0.32562255859375 -0.228487029671669 0.30185672640800476 0.22943928837776184 0.09866491705179214 0.014419322833418846 0.00891950260847807 -0.13759063184261322 -0.12614695727825165 0.04013902321457863 0.04715900495648384 0.049452781677246094 -0.019842416048049927 -0.06724238395690918 0.0831478014588356 -0.022062284871935844 -0.06695915013551712 -0.029735466465353966 -0.07061667740345001 0.10755607485771179 2.8456140684435184e-16 0.04979681596159935 0.11019289493560791 -0.2637704908847809 0.058931395411491394 -0.1124800592660904 0.09985975176095963 -0.23052826523780823 -0.12078339606523514 0.1390495002269745 0.23178896307945251 0.21870017051696777 -0.11118178069591522 -0.11857714504003525 0.1769522726535797 0.2414550930261612 -0.27861976623535156 -0.11880701780319214 -0.20368646085262299 0.21095800399780273 0.16029219329357147 -1.6048812767621712e-06 -0.2803542912006378 0.282703697681427 -0.009968973696231842 0.41840219497680664 0.0887681320309639 0.038768839091062546 0.1249110996723175 0.05537799000740051 -0.012881909497082233 0.12689386308193207 -0.006044104229658842 -0.16634288430213928 -0.13481785356998444 0.07811092585325241 -0.1444292962551117 -0.044378653168678284 -0.26658895611763 -0.03964662179350853 0.1038462445139885 -0.0770559161901474 -9.63672457584181e-20 -0.06406299024820328 0.15654081106185913 0.0731237456202507 -0.028799328953027725 -0.11200164258480072 0.18690001964569092 -0.058957215398550034 0.1863459348678589 0.2322397381067276 0.16632728278636932 0.2169458419084549 -0.09965851902961731 0.06852782517671585 0.08139444887638092 0.22270691394805908 0.17751942574977875 -0.12146489322185516 0.16506029665470123 -0.1715012490749359 -0.04784466698765755 4.4711248219705e-15 -0.18618465960025787 0.20742858946323395 -0.20539692044258118 0.05194537341594696 -0.2134050726890564 0.26016372442245483 0.26714888215065 0.24815334379673004 -0.2143687605857849 -0.14635968208312988 -0.22218242287635803 -0.25953686237335205 0.09242720901966095 0.171261265873909 0.19917750358581543 0.152549609541893 -0.16729433834552765 -0.26679661870002747 -0.023392101749777794 -0.2532261312007904 5.435738970049897e-09 0.028635483235120773 0.16755178570747375 -0.08271621912717819 0.03908607363700867 -0.026595575734972954 -0.02090699039399624 -0.16234837472438812 -0.05025351792573929 -0.03838712349534035 -0.15360724925994873 0.013483734801411629 0.0529562309384346 -0.09936251491308212 -0.032484058290719986 -0.064832404255867 0.006862315349280834 0.1347847580909729 0.18693962693214417 -0.022355619817972183 -0.12365533411502838 2.452692590307316e-17 0.3165930509567261 -0.26699239015579224 0.13227377831935883 0.24073684215545654 0.005316875874996185 -0.09957116842269897 0.08484693616628647 0.04596402868628502 0.12536077201366425 0.022798102349042892 -0.06483211368322372 0.052806656807661057 0.023039989173412323 -0.048046790063381195 0.03128748759627342 0.1067926287651062 0.059507548809051514 0.010808244347572327 0.08313320577144623 0.01559565868228674 1.7654789817297178e-19 -0.08453343063592911 0.061591535806655884 -0.05989847704768181 0.004846705589443445 0.21175479888916016 0.17996624112129211 0.15346555411815643 0.1824338436126709 -0.15924416482448578 -0.2814967930316925 -0.20734703540802002 -0.07644971460103989 -0.13190117478370667 -0.20425215363502502 0.17221109569072723 0.1485123187303543 -0.15758274495601654 0.11174380779266357 -0.1294512152671814 -0.28249552845954895 -4.894006550282802e-16 0.017493221908807755 0.19339683651924133 -0.06572037190198898 -0.2442324310541153 -0.15091249346733093 0.0874677449464798 0.06161957606673241 -0.22615690529346466 -0.05817607045173645 0.150606170296669 -0.12417786568403244 0.1893191784620285 -0.0063124531880021095 -0.22872817516326904 0.08871982246637344 -0.15916933119297028 -0.16687709093093872 0.25870588421821594 -0.10459468513727188 0.2562658488750458 -5.830152076669037e-07 -0.17311018705368042 0.016481036320328712 -0.12267158180475235 -0.08902410417795181 -0.16904032230377197 -0.029412975534796715 -0.2394908219575882 0.1707770973443985 0.10529203712940216 -0.23560962080955505 0.24383364617824554 0.2305242419242859 -0.2642548680305481 0.15349805355072021 -0.1557355523109436 -0.18220938742160797 -0.1350768357515335 -0.07342876493930817 -0.2338476926088333 0.21530859172344208 6.007242551337861e-19 -0.20867431163787842 0.12132315337657928 -0.08034225553274155 0.09916051477193832 0.07617288082838058 0.15737488865852356 -0.13750670850276947 -0.10243437439203262 -0.11647414416074753 -0.17279089987277985 0.1441112756729126 0.22434641420841217 0.2764723300933838 -0.15192393958568573 -0.16307921707630157 -0.21366797387599945 -0.25960034132003784 0.24842767417430878 -0.0899190679192543 0.22200560569763184 -1.6105878197064842e-17 0.02515461854636669 0.3423806130886078 -0.03112000972032547 -0.027991656213998795 0.11416536569595337 -0.18785282969474792 -0.23176993429660797 0.22328926622867584 -0.08807835727930069 0.18779794871807098 -0.08336805552244186 0.22926704585552216 -0.13352303206920624 -0.16955745220184326 -0.2270384281873703 -0.2668120563030243 0.20033076405525208 0.05645381659269333 0.14666728675365448 -0.16955620050430298 -6.844647487014299e-06 0.04027729481458664 0.25421932339668274 -0.2463407814502716 -0.2678641080856323 0.19502957165241241 0.15424731373786926 -0.22665831446647644 0.019559087231755257 0.005929811391979456 0.15080037713050842 -0.1650923788547516 -0.12242424488067627 -0.25321197509765625 0.04845656827092171 0.2750663459300995 -0.1919809877872467 0.056716110557317734 -0.00812075287103653 0.2651561498641968 -0.17637524008750916 -2.9306934834494314e-07 0.03981088846921921 0.3652338683605194 -0.03649546578526497 -0.2532610595226288 0.2305268943309784 -0.2120939940214157 0.15238019824028015 0.048589009791612625 0.1779496967792511 0.05311809852719307 -0.14833372831344604 0.16570135951042175 0.15191113948822021 0.010889722034335136 -0.23205043375492096 0.2040298730134964 0.033856019377708435 -0.1344997137784958 -0.17511415481567383 0.13680747151374817 4.6478753359665654e-18 -0.0034743724390864372 0.35527142882347107 -0.28298893570899963 0.1574198603630066 -0.2381327599287033 0.04006208851933479 0.2526008188724518 0.1255650520324707 0.04044651985168457 -0.2615363299846649 -0.05583704262971878 -0.285306841135025 -0.01227353885769844 0.1748645305633545 0.23099848628044128 0.15085896849632263 0.13481326401233673 -0.1193024218082428 0.13100627064704895 0.0819706842303276 1.4724010205524607e-11 -0.2774442434310913 0.1506858617067337 0.06496099382638931 -0.18204201757907867 0.010313484817743301 0.22452202439308167 -0.1278521567583084 0.02084312029182911 -0.1459384560585022 0.04623488709330559 0.07412048429250717 -0.23159292340278625 0.07019352167844772 0.2185521423816681 -0.25772419571876526 -0.16780948638916016 0.26363828778266907 0.06596577912569046 -0.1691213995218277 -0.1208791583776474 1.638107823964674e-05 -0.021000679582357407 0.23097436130046844 -0.07985492050647736 -0.10754214972257614 0.22147689759731293 -0.18447160720825195 -0.17526955902576447 -0.2426946610212326 0.12866215407848358 0.1768418401479721 0.17399823665618896 0.13155855238437653 -0.22078584134578705 0.02870415709912777 -0.2626325786113739 0.20111224055290222 -0.23463162779808044 0.1682763695716858 0.09019134193658829 0.19395770132541656 9.077233471543877e-07 -0.2166849970817566 0.3027850389480591 -0.2390545904636383 0.17386415600776672 -0.2585752606391907 0.19351506233215332 -0.23082990944385529 -0.19077670574188232 -0.2595602571964264 -0.021511323750019073 0.026487750932574272 -0.28254619240760803 -0.30636096000671387 -0.2738135755062103 0.12674656510353088 0.11718890070915222 -0.3211786448955536 0.1920766830444336 0.30935853719711304 0.1990140974521637 -2.811320882756263e-05 -0.02306808903813362 0.2631838619709015 -0.23874591290950775 -0.18546530604362488 0.24260185658931732 0.12755708396434784 0.16180023550987244 -0.25939369201660156 0.2833603322505951 0.06403985619544983 0.2462777942419052 -0.15858082473278046 0.11397401243448257 0.15105728805065155 -0.09702059626579285 0.31301793456077576 -0.23291592299938202 -0.10524625331163406 0.0956558957695961 -0.10871025919914246 -3.190136821156972e-14 -0.287560373544693 0.251503586769104 -0.2245994210243225 0.35245028138160706 -0.15936827659606934 0.10161752998828888 -0.2523282766342163 -0.24076886475086212 -0.18488918244838715 -0.17521856725215912 0.2113795280456543 0.23698602616786957 0.16110949218273163 0.1741073578596115 0.22043271362781525 -0.16619493067264557 0.19692619144916534 0.1264040321111679 -0.12372416257858276 0.09922510385513306 -5.093768518578741e-22 0.05003444477915764 0.3349077105522156 -0.2303851693868637 0.05920707434415817 0.1876910775899887 -0.27685147523880005 -0.2663312256336212 0.003991412930190563 0.10788757354021072 -0.24396120011806488 -0.19748470187187195 -0.09556012600660324 0.22739095985889435 -0.0015100946184247732 -0.16216404736042023 0.2729431688785553 0.2136908322572708 -0.2559996247291565 0.2220684140920639 0.17191600799560547 4.592162653759588e-16 -0.09445784240961075 0.14587438106536865 -0.15376807749271393 0.050410300493240356 0.18267673254013062 -0.2687799632549286 0.13134540617465973 0.18187762796878815 0.14630308747291565 -0.18755900859832764 0.08347026258707047 -0.07725319266319275 0.07785684615373611 -0.22475360333919525 -0.142862930893898 -0.1697176992893219 -0.264283150434494 0.17855383455753326 -0.058336880058050156 -0.25004133582115173 -3.0823814540781314e-06 -0.2794337868690491 0.06714653968811035 0.10427067428827286 -0.10971371829509735 -0.1263623982667923 -0.13419732451438904 0.26453128457069397 -0.2647056579589844 0.2082197368144989 -0.004561824724078178 0.08659433573484421 0.04619034007191658 0.17351004481315613 0.18941417336463928 -0.08339401334524155 0.25824472308158875 0.14616607129573822 -0.15648216009140015 -0.19852209091186523 0.2585623860359192 -2.4843407331331946e-09 0.07929569482803345 -0.11270183324813843 0.10862898081541061 0.09598878026008606 -0.2207629382610321 -0.28533247113227844 -0.22784429788589478 -0.10187934339046478 -0.11297831684350967 -0.23142097890377045 -0.14435085654258728 -0.10460450500249863 0.16642694175243378 -0.12455809116363525 0.2643771171569824 0.21044307947158813 0.3017040193080902 0.17131082713603973 0.27372443675994873 -0.23191890120506287 4.197717284881719e-09 0.002332757692784071 0.25907671451568604 -0.2023167759180069 0.02095937915146351 -0.20068541169166565 -0.18675775825977325 -0.16567380726337433 -0.14965106546878815 0.09505373239517212 0.17979796230793 0.17303737998008728 -0.133196622133255 0.1683402806520462 0.18695110082626343 -0.2473435401916504 -0.2432982325553894 0.12617726624011993 0.06515654176473618 -0.24132880568504333 -0.15683934092521667 -1.664029838366332e-07 -0.11579419672489166 0.014631577767431736 -0.20736031234264374 -0.020583463832736015 -0.10426086187362671 -0.11867842078208923 0.17990204691886902 0.1296527087688446 -0.2883947491645813 0.13642579317092896 -0.14140355587005615 0.23034846782684326 0.1461791694164276 -0.23390457034111023 -0.1698513776063919 -0.0109683433547616 0.21174518764019012 0.19668933749198914 -0.005528585519641638 -0.04374825209379196 3.9391476747141496e-08 -0.08377943933010101 0.3203482925891876 0.03507193177938461 -0.08368466794490814 0.09712539613246918 0.20202681422233582 0.15824438631534576 0.017134569585323334 0.23333148658275604 0.036687470972537994 -0.20031532645225525 0.21463772654533386 0.2086009532213211 0.10360348224639893 -0.1523396074771881 -0.13974915444850922 -0.15571968257427216 -0.12111563980579376 -0.18864715099334717 -0.10218463838100433
b1 32
0.1632966846227646 0.30888831615448 0.14308035373687744 0.2928403615951538 0.06204310059547424 -0.0010974344331771135 0.20157378911972046 0.025454534217715263 0.2236800342798233 -0.008320122957229614 0.09636194258928299 0.18468789756298065 -0.08024287223815918 -0.07457206398248672 0.02573523111641407 -0.041307684034109116 -0.10556090623140335 0.18476195633411407 0.29345113039016724 0.18518349528312683 -0.03349832072854042 0.14611774682998657 -0.03360419347882271 0.031383682042360306 0.07846560329198837 0.0240672267973423 -0.05173313245177269 0.13234436511993408 -0.01915319263935089 0.10955729335546494 0.2291407585144043 0.21707704663276672
W2 1024
0.05493772774934769 0.1234714612364769 -0.16802968084812164 -0.01306247804313898 -0.07848653942346573 0.012828942388296127 0.034200381487607956 0.038498736917972565 -0.14981965720653534 0.021982070058584213 -0.14548341929912567 -0.04216687008738518 0.10932991653680801 -0.055302202701568604 -0.043027542531490326 -0.05153610184788704 -0.12249066680669785 -0.08139003813266754 -0.20343463122844696 -0.12780191004276276 -0.04435728117823601 0.04437374696135521 0.0881464034318924 0.12129741162061691 -0.11605876684188843 0.02342691458761692 0.08792059123516083 -0.15765979886054993 -0.17787490785121918 -0.15033650398254395 0.0439019538462162 0.05348333716392517 -0.17155854403972626 0.0659012719988823 -0.13483546674251556 -0.09228415042161942 -0.0047752829268574715 0.006001610308885574 -0.16781799495220184 0.1025983914732933 -0.1598883867263794 0.060974448919296265 -0.15661810338497162 -0.06599987298250198 0.10468883812427521 -0.11718525737524033 0.11260373145341873 -0.05816509947180748 -0.1398148387670517 0.008649567142128944 0.0045088110491633415 -0.1066373959183693 -0.04226672649383545 0.11795175820589066 -0.0830240398645401 0.12108021974563599 0.00014879644731990993 -0.08414962142705917 -0.021344579756259918 -0.015713781118392944 0.060484811663627625 0.03574163094162941 0.1103678047657013 0.06873833388090134 0.029017144814133644 -0.01395454816520214 0.03951066732406616 0.21516181528568268 0.10030760616064072 -0.07572343200445175 -0.048633866012096405 0.19149084389209747 0.02986273542046547 0.16149353981018066 0.030580490827560425 -0.07634656131267548 0.022002723067998886 -0.002312722848728299 0.1770433485507965 0.0022436343133449554 0.069205142557621 0.04760066792368889 -0.021627523005008698 0.011286559514701366 0.06855932623147964 -0.014140275306999683 0.06272030621767044 0.2363990843296051 0.18128493428230286 -0.020334910601377487 -0.009786763228476048 0.16209203004837036 0.07733455300331116 0.20176471769809723 0.08984506130218506 -0.020112715661525726 0.0612541139125824 0.2292877584695816 -0.07644994556903839 -0.029597699642181396 -0.11038460582494736 -0.08831234276294708 0.24388274550437927 0.23697078227996826 0.1742527335882187 0.20975667238235474 -0.06543897092342377 -0.06787979602813721 0.24208788573741913 0.0723121166229248 0.05126739293336868 -0.0004222500720061362 0.20075075328350067 0.21330910921096802 -0.04034266993403435 0.1389407068490982 0.1259172409772873 0.07452594488859177 -0.04144886136054993 0.03179578855633736 0.12552572786808014 0.054267335683107376 -0.023997308686375618 0.16208192706108093 0.16766688227653503 0.0844072625041008 0.09757328778505325 -0.021720007061958313 0.07930104434490204 0.23902201652526855 0.05514700710773468 0.008008300326764584 0.1312164068222046 -0.09060060977935791 0.2181873470544815 0.1489962786436081 0.1876172572374344 0.07433973252773285 -0.06160086765885353 0.005758378189057112 0.1260494738817215 -0.07476941496133804 0.030830614268779755 -0.0529896505177021 -0.008318263106048107 0.23145191371440887 0.04747874289751053 0.17656244337558746 -0.018248870968818665 0.06761796027421951 -0.024388276040554047 0.2059089094400406 0.0428679957985878 0.08376368135213852 0.19206348061561584 0.07632440328598022 -0.134968101978302 0.11380768567323685 -0.006743339356034994 0.11654174327850342 -0.003861374221742153 0.0038734138943254948 0.0966290533542633 0.17067766189575195 0.007482417859137058 -0.08073541522026062 0.059543177485466 -0.027426717802882195 -0.07493612915277481 0.22148635983467102 -0.04715265706181526 0.0153643898665905 0.08303403109312057 0.07145508378744125 0.05834116041660309 0.020996611565351486 -0.03198728337883949 0.0790637880563736 -0.008223897777497768 0.13254044950008392 0.18862196803092957 0.16385109722614288 0.03503729775547981 0.145070880651474 0.14933763444423676 0.12965558469295502 0.17789307236671448 -0.036423470824956894 0.016240987926721573 0.17546282708644867 0.1329318732023239 0.15745244920253754 0.12666891515254974 -0.16345246136188507 0.11134324967861176 -0.08764509111642838 -0.04307330772280693 0.2831874489784241 -0.11341115087270737 0.08387155830860138 -0.06956742703914642 0.08949939161539078 -0.0906604751944542 0.3096086084842682 -0.1456165760755539 -0.06022782251238823 0.10073449462652206 -0.09560894221067429 0.04161980748176575 -0.005475757177919149 -0.12890957295894623 0.015646684914827347 -0.11627962440252304 0.057814065366983414 -0.07416179031133652 -0.11805523186922073 -0.07300077378749847 0.04478306323289871 -0.1844133734703064 -0.03721752017736435 0.08610530197620392 0.0433935672044754 -0.13792775571346283 -0.019923917949199677 -0.07306097447872162 -0.085818350315094 0.058186206966638565 -0.04338252544403076 0.12860997021198273 0.5045015811920166 0.1192837581038475 -0.1581742763519287 0.026741204783320427 -0.0817522183060646 0.02916862815618515 0.4680997133255005 0.0962829664349556 -0.016299450770020485 0.02569003403186798 -0.017124202102422714 0.05681532621383667 0.04713434353470802 0.07167138159275055 -0.13914352655410767 -0.02637508511543274 0.047561176121234894 -0.0007447656826116145 0.07230893522500992 -0.16285188496112823 -0.05370533466339111 -0.05350513756275177 0.017498064786195755 0.19899974763393402 0.07642284035682678 0.02191966399550438 0.09700947999954224 0.020985130220651627 0.16881875693798065 0.07737953215837479 0.04916558414697647 -0.029682565480470657 0.0625404343008995 0.007323721889406443 0.1632779836654663 0.05409679189324379 0.13239918649196625 0.11945608258247375 -0.09280363470315933 0.011002196930348873 0.2211509644985199 0.18660040199756622 0.02382892370223999 0.09613455832004547 0.01596630923449993 0.21908080577850342 0.08802559226751328 0.007169701624661684 0.08313066512346268 0.31479302048683167 0.11400038003921509 0.17307278513908386 0.23688775300979614 0.09321033209562302 0.14290298521518707 -0.0010182494297623634 0.21527284383773804 0.02700309455394745 0.07256381958723068 -0.03279246389865875 -0.010016725398600101 -0.08491608500480652 0.19015005230903625 0.005843163933604956 0.06148488447070122 0.19090788066387177 -0.041272763162851334 0.0879431962966919 0.12767140567302704 0.028522396460175514 -0.16093389689922333 0.2195410430431366 -0.07631808519363403 0.11269126087427139 0.008311483077704906 0.19104865193367004 0.012261082418262959 -0.032516684383153915 -0.054086871445178986 0.041865549981594086 -0.06193602457642555 0.1721002459526062 0.09136553108692169 0.22615769505500793 0.038211528211832047 0.23964953422546387 0.09326419234275818 0.018690362572669983 0.22980879247188568 0.13250744342803955 0.19255094230175018 -0.15230168402194977 0.0053580268286168575 0.11477527022361755 0.025958552956581116 0.0007039564661681652 -0.11763250082731247 0.0879359096288681 0.0998503565788269 0.09204599261283875 -0.0373992957174778 -0.04820578172802925 -0.048955466598272324 0.055524230003356934 0.09775907546281815 -0.01682358607649803 -0.12419790774583817 -0.12181732058525085 -0.06943893432617188 -0.08688823878765106 -0.10375335067510605 -0.07246765494346619 -0.06366559863090515 0.051824890077114105 -0.05054826661944389 -0.035415168851614 -0.07842964679002762 0.08403071761131287 0.004995185881853104 -0.02947218343615532 -0.058785635977983475 -0.008326462469995022 -0.13069729506969452 0.13632118701934814 0.1740383803844452 0.08447828888893127 0.1557934582233429 0.04208550602197647 -0.07100141793489456 0.0940440371632576 0.2110934555530548 0.11806794255971909 0.15104500949382782 0.12286832183599472 -0.05763298645615578 0.15709002315998077 0.13199728727340698 0.11822210997343063 0.1711101233959198 0.09650106728076935 0.17968696355819702 0.13744336366653442 0.20920521020889282 0.1399020552635193 0.11498548835515976 0.20232151448726654 0.04596240818500519 0.24666182696819305 0.10756506770849228 0.11786563694477081 0.13275909423828125 0.06552385538816452 0.14943940937519073 0.12999850511550903 0.07689031213521957 -0.12666985392570496 0.0020933435298502445 0.12909778952598572 0.1110917329788208 0.17349155247211456 0.3210715353488922 0.07520471513271332 -0.11794962733983994 0.0855385810136795 -0.0856316089630127 0.012072875164449215 0.23599746823310852 0.002171038184314966 0.004327533766627312 0.0818215161561966 -0.14704184234142303 0.1352611482143402 0.027731217443943024 -0.06739483773708344 0.007988900877535343 0.010992980562150478 0.025925934314727783 -0.11698748171329498 -0.006114726886153221 -0.12991122901439667 -0.16703398525714874 0.013289588503539562 0.13601918518543243 0.17961016297340393 -0.156887024641037 -0.05790158361196518 0.06783299893140793 -0.021247731521725655 -0.07048148661851883 0.08894681930541992 -0.07069973647594452 0.05212264880537987 0.3991747796535492 -0.01140574924647808 -0.06087242439389229 0.0333477184176445 -0.09302133321762085 0.13957424461841583 0.28323134779930115 0.08013008534908295 0.11524634063243866 0.10820212960243225 0.0601690299808979 -0.02711581625044346 0.048630744218826294 -0.06039247289299965 0.003125194925814867 -0.08589424192905426 -0.06937188655138016 -0.17108380794525146 0.020113851875066757 -0.15761838853359222 0.09733801335096359 -0.009925836697220802 0.05912845954298973 0.26134100556373596 -0.11077471822500229 -0.0657690167427063 0.09079090505838394 0.02446969784796238 0.035605791956186295 -0.08304338902235031 0.23984195291996002 0.05864137411117554 -0.015577529557049274 0.170885369181633 -0.047878701239824295 0.1829356849193573 0.22379909455776215 -0.0005822645034641027 0.009353570640087128 0.20749002695083618 0.06156709045171738 0.03558090329170227 0.2523934245109558 -0.05264241248369217 -0.06961758434772491 0.24829068779945374 0.17846642434597015 0.08519253879785538 0.05757341906428337 0.25531232357025146 0.130453422665596 0.24251589179039001 0.12973277270793915 0.034069374203681946 0.22516892850399017 0.031959082931280136 0.0491613894701004 0.26047614216804504 -0.08288224786520004 0.0800272673368454 0.20293854176998138 -0.08590324968099594 0.1614062339067459 0.02225799299776554 -0.0607270672917366 0.023236220702528954 0.07151277363300323 -0.07742780447006226 0.1549397110939026 -0.06053102761507034 -0.0025926767848432064 0.07770568877458572 -0.01995421200990677 -0.012585269287228584 0.07994762808084488 -0.0063101123087108135 0.06590631604194641 0.20305262506008148 0.2038794457912445 0.22047099471092224 -0.04015654698014259 0.25021931529045105 0.10772232711315155 0.1405189037322998 0.004525268916040659 -0.02695455029606819 0.18113301694393158 0.1425056904554367 0.1810533106327057 0.030934708192944527 -0.028275514021515846 0.08471619337797165 -0.13290491700172424 0.055368535220623016 -0.10907596349716187 -0.03095148876309395 0.2451741099357605 0.04058462008833885 0.0673859640955925 -0.01038453634828329 0.09420721232891083 0.021875206381082535 0.19328325986862183 0.10303989052772522 0.09512294828891754 -0.14844420552253723 -0.07138096541166306 0.010696595534682274 0.12350495904684067 -0.17460471391677856 -0.13499397039413452 -0.13942693173885345 0.032781124114990234 0.025949150323867798 -0.08674412220716476 -0.11489046365022659 -0.11303773522377014 0.018956966698169708 -0.023410914465785027 -0.06309181451797485 0.10432333499193192 -0.1224217638373375 -0.03529966622591019 0.17409932613372803 -0.0519343800842762 0.10444087535142899 -0.07500389963388443 -0.04852242022752762 -0.024756329134106636 -0.07811469584703445 0.128494992852211 0.00817786529660225 0.0703374519944191 -0.038228485733270645 -0.07210170477628708 0.1545945405960083 0.03872281312942505 0.1925891786813736 0.14667536318302155 0.15670159459114075 0.16379719972610474 -0.03988754749298096 0.24626590311527252 0.15277151763439178 -0.026393909007310867 0.13497616350650787 0.1864043027162552 0.09708616882562637 0.08752269297838211 0.06991405040025711 0.06171729415655136 0.0954805314540863 0.12134142965078354 0.06531940400600433 -0.0783931314945221 -0.04752914980053902 0.035020723938941956 0.08904419839382172 0.06028878688812256 0.13407734036445618 -0.05950089171528816 0.09358804672956467 -0.026272786781191826 0.1268978714942932 0.00873771496117115 0.17682820558547974 -0.10941172391176224 -0.04794192314147949 0.1352219432592392 0.18126247823238373 0.21735455095767975 0.2340749204158783 0.23807264864444733 0.015401461161673069 0.0095968684181571 0.013368858955800533 0.20304134488105774 0.16314981877803802 0.04148058220744133 0.26870280504226685 0.16432540118694305 0.100862056016922 -0.05332036316394806 0.1315678060054779 -0.029877129942178726 0.2260119765996933 0.24058176577091217 -0.04710407182574272 0.13123519718647003 0.025018148124217987 -0.09294763952493668 0.12925532460212708 0.2151211053133011 -0.0310286246240139 -0.16945430636405945 0.13450442254543304 0.11044861376285553 0.026138434186577797 0.29654818773269653 0.03226033225655556 0.13001748919487 0.011380968615412712 0.04873230308294296 0.04436488449573517 -0.2083767205476761 -0.10995838046073914 0.028783030807971954 -0.008588514290750027 -0.12346923351287842 -0.1730370968580246 0.13968640565872192 -0.017533132806420326 0.016773734241724014 0.04411039128899574 -0.08489564061164856 0.1576295644044876 -0.08149110525846481 -0.11110537499189377 0.059122808277606964 -0.006906905677169561 0.010984781198203564 0.0007767056813463569 0.12950624525547028 -0.022897712886333466 0.04336438700556755 0.21329651772975922 0.14752443134784698 0.10313304513692856 -0.022852744907140732 0.08001011610031128 -0.10132641345262527 0.05263007804751396 -0.021624960005283356 -0.007815892808139324 -0.027796870097517967 0.21260465681552887 0.19540037214756012 0.15286654233932495 -0.04591889679431915 0.17109490931034088 -0.0012892616214230657 0.2670241594314575 0.13491462171077728 0.028956256806850433 0.07319686561822891 0.002749483799561858 0.1973373293876648 0.08479765802621841 0.16479666531085968 0.09203679114580154 0.20825950801372528 0.1360899806022644 0.12181097269058228 0.21020294725894928 0.21235275268554688 -0.07794201374053955 -0.0174711924046278 0.1982424557209015 0.11723028123378754 -0.09226882457733154 -0.01881805621087551 -0.019087867811322212 -0.12300868332386017 0.03555046766996384 0.21147437393665314 0.05165091156959534 0.14849092066287994 0.0004960713558830321 0.162501260638237 0.20122385025024414 -0.0504000149667263 -0.060663532465696335 0.1837526261806488 0.09563157707452774 0.16602449119091034 0.042290810495615005 -0.0008996923570521176 0.20974403619766235 0.13028232753276825 0.1390056014060974 0.08471747487783432 0.0005741459899581969 0.04029253497719765 0.21187728643417358 0.08705166727304459 0.1199706569314003 0.15784357488155365 -0.057606134563684464 -0.05267689377069473 0.12945209443569183 0.16691532731056213 0.2114519327878952 0.06872276961803436 0.03333928808569908 -0.05469071865081787 0.1763932704925537 0.07696209847927094 0.017034344375133514 0.07980221509933472 0.05600357428193092 0.011678065173327923 0.2170737236738205 0.005711929872632027 0.02534884214401245 -0.055244993418455124 0.03195437416434288 0.1396007239818573 0.05247834324836731 0.22104957699775696 0.2481006383895874 0.017749875783920288 0.032288022339344025 0.08012743294239044 0.10728547722101212 0.07451990246772766 0.09042845666408539 0.18423700332641602 -0.10881895571947098 -0.055480048060417175 0.017552200704813004 -0.16802510619163513 -0.028776532039046288 0.20553524792194366 0.21016761660575867 0.23779498040676117 0.11377216130495071 0.09123425930738449 -0.034668564796447754 0.21097397804260254 -0.050484322011470795 0.04852340370416641 0.15240183472633362 0.04238353297114372 0.13869298994541168 -0.007917850278317928 0.009463994763791561 0.2064160406589508 0.26321226358413696 0.20061074197292328 0.24507498741149902 0.07356960326433182 0.16681306064128876 -0.06258790194988251 -0.03829937055706978 0.05444289371371269 0.21255835890769958 -0.08574364334344864 0.19809632003307343 0.25003892183303833 -0.08538249880075455 0.10856275260448456 -0.007380851544439793 -0.054171133786439896 -0.012716816738247871 0.12045541405677795 0.13836318254470825 0.2150605171918869 0.13163071870803833 -0.0625874474644661 0.19555090367794037 0.13079559803009033 0.13742868602275848 -0.035658810287714005 0.13098272681236267 0.04080125689506531 -0.06529891490936279 -0.05481362342834473 0.11844927072525024 0.24161317944526672 -0.012952989898622036 0.07889622449874878 0.045342665165662766 0.24079929292201996 0.21646922826766968 -0.06120425462722778 0.037372488528490067 0.1265183836221695 -0.0017378550255671144 0.19562633335590363 0.10782666504383087 0.04837615787982941 0.1778605580329895 0.1465858370065689 0.006266441196203232 -0.031125707551836967 0.044006142765283585 -0.08206703513860703 0.037497323006391525 -0.004564548842608929 -0.05313451960682869 -0.14463768899440765 0.05477890744805336 -0.008815848268568516 0.08347023278474808 0.23280368745326996 -0.08088231831789017 0.15296493470668793 0.08968299627304077 0.18188752233982086 0.00505336606875062 0.018191194161772728 0.1913391798734665 0.14515246450901031 -0.030607983469963074 0.12650342285633087 0.12491186708211899 0.17787982523441315 0.07023192197084427 0.23016692698001862 0.023001117631793022 0.1793040931224823 0.15889903903007507 0.0174994096159935 0.10560677945613861 0.14846619963645935 0.03265153989195824 0.06633137911558151 0.23833538591861725 0.1373213529586792 0.04412921145558357 -0.04447714239358902 0.14863455295562744 -0.175703763961792 0.14883404970169067 0.1415053755044937 0.1797441691160202 0.17510996758937836 0.022933335974812508 0.006705662701278925 -0.03615318238735199 0.21516673266887665 0.050993721932172775 -0.044917941093444824 0.007127081975340843 0.10264234989881516 0.11817817389965057 0.05644749477505684 0.10651781409978867 0.13313888013362885 0.016434917226433754 0.09473596513271332 -0.056863605976104736 -0.03748854994773865 0.14162731170654297 0.08556690067052841 -0.0966087132692337 0.12890392541885376 0.14282096922397614 -0.17361648380756378 0.19055786728858948 0.11827202886343002 -0.04333536699414253 0.18717926740646362 0.03857972100377083 0.11006680876016617 -0.07364208996295929 -0.04916022717952728 0.23753836750984192 -0.04570125788450241 0.16161233186721802 -0.04853479936718941 0.07104510813951492 0.2137821763753891 0.003549635410308838 0.10507886856794357 -0.05792000889778137 0.1385253667831421 0.19242586195468903 -0.008822749368846416 -0.03822707012295723 0.03999574854969978 0.11609423160552979 0.04645352438092232 -0.06620659679174423 -0.00254325894638896 0.009278913959860802 0.023562652990221977 -0.04170382395386696 0.2557222843170166 -0.06819978356361389 0.01919662207365036 0.05521189421415329 0.22883494198322296 0.062253739684820175 0.18762512505054474 0.14730703830718994 -0.035138338804244995 0.15930698812007904 0.18016451597213745 0.18118299543857574 0.1313546746969223 0.21733707189559937 0.04169628396630287 0.2441348433494568 0.061098646372556686 -0.014040770009160042 0.06285487860441208 0.21449004113674164 -0.035358890891075134 -0.02743813581764698 0.04786629229784012 -0.018854206427931786 0.11175434291362762 0.11529123038053513 0.07202210277318954 0.08039377629756927 0.19744163751602173 0.2518962025642395 0.057085730135440826 -0.02681547775864601 0.18043586611747742 0.041269488632678986 0.024252818897366524 0.19449801743030548 0.00949664693325758 0.20834654569625854 0.1716596782207489 0.0173915047198534 -0.09166871756315231 0.24366046488285065 -0.01465008407831192 0.06634373962879181 0.10246580839157104 0.11322856694459915 0.0273835938423872 -0.025984223932027817 0.10458891838788986 0.235945925116539 0.18098896741867065 0.018922213464975357 0.01926564984023571 0.2509348392486572 0.06937789916992188 0.20241139829158783 -0.03859500214457512 0.08663201332092285 0.11375030130147934 0.2436733990907669 0.19335973262786865 -0.01622035540640354 -0.026219097897410393 -0.049760621041059494 -0.05365825816988945 -0.03469884395599365 -0.027591312304139137 0.032912082970142365 0.01838359422981739 -0.010538223199546337 0.12801140546798706 -0.008369576185941696 0.025930654257535934 0.013518605381250381 0.0548999048769474 -0.034882474690675735 -0.004956926219165325 -0.007492124568670988 -0.02810659073293209 0.020447367802262306 0.12950563430786133 0.02892288565635681 0.02652796544134617 0.008917678147554398 0.04005208611488342 -0.004393316805362701 0.06420524418354034 0.05285068601369858 0.13213825225830078 -0.013664464466273785 0.019767554476857185 -0.02291492186486721 -0.01214626431465149 0.10363192111253738 0.23716206848621368 0.0841159000992775 -0.02378877066075802 0.18485517799854279 -0.13237778842449188 0.12184089422225952 0.10006604343652725 -0.016915133222937584 0.048756010830402374 -0.007370311301201582 0.09654984623193741 0.008180531673133373 0.14766965806484222 0.01603611372411251 0.026772256940603256 -0.03877609223127365 0.11849995702505112 0.07532120496034622 0.035803839564323425 0.1319786012172699 0.12272278219461441 0.21027684211730957 -0.03140826150774956 0.2473572939634323 0.19097904860973358 0.21022313833236694 0.09484384953975677 -0.09732840210199356 0.16624592244625092 0.10677982866764069 -0.04152710363268852
b2 32
-0.020310821011662483 0.12248340994119644 0.23463088274002075 0.15620790421962738 0.21505653858184814 0.08930902928113937 -0.12193613499403 0.09389309585094452 -0.018435997888445854 0.11736836284399033 -0.03766621649265289 0.1516076922416687 -0.059330929070711136 0.0994768813252449 -0.08035656809806824 0.08673342317342758 0.017932932823896408 0.1506190299987793 0.011695611290633678 -0.006983231753110886 -0.01607067510485649 0.07661741971969604 0.08902623504400253 0.20673894882202148 0.12400159239768982 0.22731979191303253 0.11796987801790237 0.13073840737342834 -0.09410559386014938 -0.07828226685523987 -0.002811538288369775 0.040829744189977646
W3 32
-0.11364830285310745 0.0050661601126194 0.20565669238567352 0.2692938446998596 0.1151508167386055 0.18346107006072998 -0.2510203421115875 -0.3270353376865387 0.2001999318599701 0.24345937371253967 -0.11344873160123825 0.2661164104938507 -0.23945018649101257 -0.27828630805015564 0.21333809196949005 0.2472110539674759 -0.07394640892744064 0.20608070492744446 0.168445885181427 -0.30869993567466736 0.22238998115062714 0.25576382875442505 0.15473127365112305 0.1100679412484169 0.24932712316513062 0.17891094088554382 0.2707793414592743 0.19864074885845184 0.24597778916358948 0.20523664355278015 0.03388281911611557 0.24014119803905487
b3 1
-0.06455642729997635
feature_cols 21
t20_active t20_pm_min t20_pm_gap t20_pm_mean t20_pm_max branch_0 branch_1 branch_2 branch_3 branch_4 branch_5 branch_6 branch_7 branch_8 branch_9 branch_10 branch_11 branch_12 branch_13 branch_14 branch_15
