input_dim 24
hidden 32
M 16
branch_onehot 1
direction_largest 1
mean 24
1.0 0.3486413359642029 0.0 0.3486413359642029 0.3486413359642029 0.41575324535369873 1.0764503479003906 1.8182499408721924 0.0625 0.0625 0.0625 0.0625 0.0625 0.0625 0.0625 0.0625 0.0625 0.0625 0.0625 0.0625 0.0625 0.0625 0.0625 0.0625
std 24
1.0 0.3107096254825592 1.0 0.3107096254825592 0.3107096254825592 0.3302859365940094 0.3406216502189636 0.5492226481437683 0.24206146597862244 0.24206146597862244 0.24206146597862244 0.24206146597862244 0.24206146597862244 0.24206146597862244 0.24206146597862244 0.24206146597862244 0.24206146597862244 0.24206146597862244 0.24206146597862244 0.24206146597862244 0.24206146597862244 0.24206146597862244 0.24206146597862244 0.24206146597862244
W1 768
4.1197859655174255e-21 -0.06330869346857071 2.955266718630324e-16 -0.21123920381069183 0.04648449644446373 0.0010710922069847584 0.07914571464061737 0.181952565908432 -0.16404038667678833 0.16688822209835052 0.16086523234844208 0.2538575828075409 0.2421111911535263 0.1046048253774643 -0.19585856795310974 -0.12522083520889282 0.1908147782087326 -0.1020130142569542 -0.20790544152259827 -0.14414462447166443 -0.17520378530025482 0.21420957148075104 0.09861002117395401 0.16334789991378784 -9.344214291218123e-10 0.0840420201420784 -1.374086281430843e-15 -0.06379756331443787 0.14644755423069 -0.10764119029045105 0.12326526641845703 -0.06315575540065765 -0.22330129146575928 0.09092536568641663 -0.00551625806838274 0.12165288627147675 -0.055347125977277756 -0.10022135078907013 -0.030995918437838554 0.21739277243614197 0.2416953295469284 -0.12201431393623352 0.051561690866947174 -0.2387806475162506 0.06414274871349335 -0.18379223346710205 0.1508842557668686 0.012823139317333698 -5.379249614634318e-06 0.10592487454414368 1.950981988912977e-18 0.11842170357704163 0.21606744825839996 0.12425000220537186 0.1818409562110901 -0.03389366343617439 0.11735254526138306 0.17168337106704712 -0.03554920479655266 -0.17225630581378937 -0.14329425990581512 0.0764247253537178 0.21918489038944244 -0.18240028619766235 -0.1250700205564499 0.16094344854354858 -0.1461879014968872 0.009722723625600338 0.1993522346019745 0.23702986538410187 0.1898650974035263 -0.238846093416214 -4.5200488411620615e-19 0.06428130716085434 -6.792608928662958e-06 -0.011881480924785137 0.03872638940811157 -0.1381578892469406 0.2668841779232025 -0.1777404546737671 0.0340832844376564 0.14806482195854187 0.012796693481504917 -0.1022271141409874 0.1118476614356041 0.011857635341584682 -0.17928054928779602 -0.06874889135360718 -0.05872242525219917 -0.1585351973772049 0.06692028790712357 0.05141211301088333 0.02896096184849739 0.1906862109899521 -0.08668038249015808 -0.09564850479364395 -1.6204067017316724e-18 -0.24442750215530396 2.358382857493152e-13 -0.1488218903541565 -0.061798881739377975 0.08334137499332428 0.04302024468779564 0.10982871055603027 0.16180871427059174 -0.10164233297109604 -0.2181098461151123 -0.16477036476135254 -0.142938032746315 0.1316753476858139 -0.1338927447795868 0.12186465412378311 -0.20373694598674774 0.13086389005184174 0.10244610905647278 -0.0007624328136444092 0.09740002453327179 0.20111516118049622 -0.19851653277873993 0.06662923097610474 -5.03401089702038e-08 -0.2883809804916382 1.0648520915124163e-19 -0.2242264300584793 -0.03594590723514557 0.18713584542274475 0.23237843811511993 -0.06365175545215607 -0.23130406439304352 0.10201431065797806 -0.031612101942300797 0.20571088790893555 0.04589744284749031 0.16411316394805908 0.0678226426243782 -0.012261086143553257 0.15789945423603058 0.07045344263315201 -0.019538892433047295 0.14950861036777496 0.02207592874765396 -0.03962192311882973 -0.1360975205898285 0.011283479630947113 -3.5910707295373126e-19 0.25014540553092957 -2.768600167402693e-21 0.07154922932386398 0.13716085255146027 0.0813075378537178 0.046095240861177444 0.03537425771355629 -0.10164880752563477 -0.0823511928319931 0.0016662667039781809 -0.09976516664028168 0.11876796931028366 -0.08105102926492691 0.14908818900585175 -0.06068316102027893 0.13921241462230682 0.10377181321382523 0.09332030266523361 0.15580780804157257 0.11343878507614136 -0.10838501155376434 0.08273877948522568 -0.16615590453147888 1.584665199061419e-08 -0.1992415189743042 -4.507891389948782e-06 0.015765564516186714 0.059657368808984756 -0.16212685406208038 -0.15046074986457825 -0.17967543005943298 0.15704917907714844 -0.024953776970505714 -0.21276874840259552 0.18777874112129211 -0.13231171667575836 -0.032706089317798615 0.18949057161808014 0.19971179962158203 0.0421631895005703 0.1610143631696701 0.11781725287437439 -0.13277845084667206 -0.20842599868774414 -0.17164075374603271 -0.18097299337387085 -0.15449947118759155 -5.189434929100825e-19 -0.2253105640411377 2.90584077244692e-19 0.020659232512116432 -0.24661405384540558 0.10757581144571304 -0.026857221499085426 0.06691188365221024 0.20411550998687744 -0.00619956199079752 0.13097523152828217 -0.19383321702480316 0.1723318248987198 -0.10335483402013779 -0.14358587563037872 0.21648359298706055 0.03960121423006058 0.2555776536464691 -0.17354926466941833 0.17029531300067902 0.08586842566728592 0.03936155512928963 0.0139699038118124 -0.055617574602365494 -1.0660666143261222e-12 -0.3295149505138397 4.264657249564152e-08 -0.29837244749069214 -0.0930837094783783 0.014814519323408604 0.01888602040708065 0.14205223321914673 -0.07283314317464828 0.18545237183570862 -0.11745291203260422 -0.06968722492456436 -0.14305678009986877 0.041623421013355255 -0.18903721868991852 -0.10509958118200302 -0.09277360141277313 0.009214627556502819 0.25804033875465393 0.11966025829315186 -0.12990178167819977 -0.03751976788043976 0.19657321274280548 -0.1228460893034935 5.09337513029777e-14 0.057873472571372986 -7.082437303296274e-09 -0.08949043601751328 0.06197868660092354 -0.1087653785943985 0.10350517183542252 -0.005501260980963707 0.12224426865577698 -0.10894953459501266 -0.10709128528833389 -0.17816832661628723 -0.14692963659763336 -0.09759113937616348 -0.1292700469493866 0.13118302822113037 0.1324920505285263 0.19141468405723572 0.06260741502046585 0.04960329458117485 -0.08464393764734268 -0.12917988002300262 -0.10633765161037445 0.13569799065589905 1.294738183332811e-07 -0.04683038964867592 3.0077239898673724e-06 -0.010212564840912819 -0.0072920555248856544 -0.040083687752485275 0.06692442297935486 -0.14930662512779236 0.24794135987758636 0.16000176966190338 0.16373078525066376 -0.2404833734035492 0.21293887495994568 0.15528655052185059 0.25116845965385437 0.08656816184520721 -0.2231886237859726 -0.10219988971948624 -0.054711177945137024 -0.04936060309410095 0.2497774064540863 0.25082385540008545 -0.0716763511300087 -0.25350725650787354 3.440017933710509e-18 -0.162871852517128 -1.7402530749741475e-19 -0.039259299635887146 -0.19306813180446625 0.1899656057357788 0.13240784406661987 -0.04690973460674286 -0.17827945947647095 -0.20996549725532532 0.16242559254169464 -0.16056111454963684 -0.20866592228412628 0.10524613410234451 0.05850209668278694 -0.03078293986618519 0.10928679257631302 0.03690269961953163 -0.018963295966386795 -0.13721363246440887 0.2549387514591217 0.07270229607820511 0.12145325541496277 -0.10536785423755646 -1.6759689921635304e-19 -0.16444437205791473 2.2236388891230113e-13 0.07990570366382599 0.07730535417795181 0.005972796585410833 0.031718552112579346 -0.017139650881290436 -0.1903449296951294 0.061470430344343185 0.1196981742978096 -0.11182767897844315 -0.2110731154680252 0.20625346899032593 -0.1362224668264389 0.15530021488666534 -0.21910978853702545 0.26998764276504517 -0.12083335965871811 -0.20977702736854553 -0.19446508586406708 0.20602791011333466 0.17838291823863983 0.09863545000553131 8.379799438173411e-15 0.030311234295368195 -2.2636991704522976e-19 -0.212662011384964 -0.07988839596509933 0.056432515382766724 0.08490224182605743 -0.00216527096927166 0.09990938007831573 -0.06162625923752785 0.09260472655296326 -0.06386622786521912 -0.1972511261701584 -0.11539295315742493 0.144407719373703 0.11159887164831161 0.11259806901216507 0.1958635002374649 -0.1947248876094818 0.04530094191431999 0.14333102107048035 -0.21272654831409454 -0.09582489728927612 0.10782099515199661 1.8167516427518465e-19 -0.17324946820735931 -4.6399651409956277e-07 0.012875879183411598 -0.028823206201195717 0.057106129825115204 0.23020724952220917 -0.11753036081790924 0.09544619172811508 0.19945454597473145 -0.19810453057289124 -0.21054530143737793 0.1854402869939804 0.1384124904870987 -0.15541759133338928 -0.13382969796657562 -0.1618543565273285 -0.2247009426355362 0.10337989777326584 0.2808619439601898 -0.14528831839561462 0.16906216740608215 -0.2069660872220993 -0.24901525676250458 3.308828432728094e-20 0.07694964110851288 9.422914543368191e-20 0.06909312307834625 0.06290587037801743 0.14573971927165985 -0.02637391723692417 -0.04756008833646774 -0.13166356086730957 0.07238039374351501 0.055997334420681 0.019561735913157463 0.09201080352067947 -0.08083905279636383 -0.03726699948310852 -0.0492270365357399 0.0735696330666542 0.1526964008808136 0.15145951509475708 0.044329553842544556 0.11051715910434723 -0.05908793583512306 -0.1131405234336853 0.04555954784154892 2.775330768491264e-15 -0.10647421330213547 -8.252527550212108e-07 0.01154395192861557 0.014485927298665047 0.04818185418844223 0.06472108513116837 0.07933811843395233 0.05628153681755066 -0.11963170021772385 -0.17379984259605408 0.19427986443042755 -0.1833122968673706 0.013820857740938663 0.08695279806852341 -0.1852564513683319 0.20281782746315002 0.045491866767406464 -0.170440673828125 0.15578119456768036 -0.17019303143024445 -0.16908594965934753 0.027651894837617874 -0.15310199558734894 -2.3151466166382306e-07 0.00890657864511013 2.0567697038620774e-18 -0.24775390326976776 -0.09579385817050934 0.1904779076576233 0.030839132145047188 0.0459088459610939 0.019607409834861755 0.05423787981271744 -0.22209163010120392 0.06563925743103027 0.15944087505340576 -0.15053272247314453 0.16766472160816193 -0.11692043393850327 -0.24187830090522766 -0.030342277139425278 0.06615745276212692 0.2482834756374359 0.11199843138456345 -0.2550722658634186 -0.17861977219581604 0.03229710832238197 2.4959936895108115e-10 -0.1445002555847168 -1.140617875495091e-17 -0.07911361008882523 -0.27509891986846924 0.06133357807993889 0.22909341752529144 -0.13356290757656097 -0.108033686876297 -0.06188642606139183 0.11679720878601074 0.15318648517131805 -0.071718730032444 -0.07004239410161972 0.20750664174556732 0.20174621045589447 -0.007289523258805275 -0.2417127937078476 0.11185134947299957 -0.2055622786283493 -0.12953400611877441 -0.19108259677886963 0.027320358902215958 -0.19147749245166779 8.194311007514443e-09 0.10956797748804092 -1.1996082143504008e-19 0.10890601575374603 -0.0805034190416336 -0.13699577748775482 0.17864130437374115 -0.12008675187826157 0.08940890431404114 0.1341058313846588 -0.173822283744812 -0.2320491373538971 0.2384856939315796 0.19809657335281372 0.2593075633049011 -0.22954943776130676 -0.08565304428339005 0.16331224143505096 0.15663698315620422 0.04514627158641815 0.11249658465385437 -0.1548040360212326 -0.13422489166259766 0.18401473760604858 -6.4585191029247145e-18 -0.2108759731054306 1.2444421790325991e-19 0.11589115858078003 0.0313027985394001 0.06067294254899025 0.012670852243900299 -0.1154075637459755 0.06975112855434418 -0.1731567531824112 0.19621120393276215 0.1306592971086502 -0.1101662740111351 0.19977958500385284 0.19800357520580292 -0.10042640566825867 -0.21945980191230774 -0.10070367902517319 0.10530685633420944 0.16072484850883484 -0.09486391395330429 -0.18101228773593903 0.16480007767677307 0.2147684395313263 1.2515946057334304e-09 0.1613483726978302 1.638102327394808e-11 0.09591995179653168 -0.1583670824766159 -0.11995969712734222 0.012896229512989521 -0.09536738693714142 -0.16373485326766968 0.15946140885353088 0.07000210881233215 -0.21634747087955475 -0.16675105690956116 0.21770377457141876 -0.21295256912708282 0.1490265429019928 -0.15900543332099915 -0.15492230653762817 -0.1721539944410324 0.004675389267504215 -0.194796621799469 -0.21740803122520447 -0.16547739505767822 0.20272229611873627 -3.2212469136538857e-07 0.0805705338716507 -6.690911463516001e-19 -0.1264951378107071 0.09089130163192749 0.11767949163913727 -0.08555664867162704 0.05908409133553505 -0.07029885798692703 -0.11379953473806381 0.1142740324139595 0.06510038673877716 -0.05988322198390961 0.14775414764881134 0.10854775458574295 0.09144064038991928 0.14977514743804932 0.14885085821151733 0.11415216326713562 0.009613255970180035 0.1262376606464386 0.04283786937594414 0.03426910191774368 0.013976139016449451 1.320776861651436e-19 -0.11280862987041473 -1.3441754747350884e-19 -0.10931755602359772 -0.01183098554611206 0.027647418901324272 0.07439233362674713 0.03368508443236351 0.18970045447349548 0.16657868027687073 0.10651478916406631 -0.20412562787532806 -0.1128215491771698 -0.2274235188961029 -0.1789059191942215 0.14735597372055054 -0.2109767496585846 0.03058069571852684 0.1900450885295868 -0.14127716422080994 0.24350549280643463 -0.22473807632923126 -0.21289481222629547 0.2341405153274536 1.5240967693016453e-15 -0.2032916247844696 -2.5386617608831667e-19 0.016961142420768738 0.0019297992112115026 -0.1086546927690506 0.24327866733074188 -0.012335923500359058 0.07559369504451752 0.11556487530469894 -0.1614845246076584 0.07440748065710068 0.0745750144124031 0.022861657664179802 0.12582986056804657 -0.20056086778640747 -0.19250565767288208 0.11560238897800446 0.04536600410938263 -0.21456249058246613 -0.20366725325584412 0.11717715859413147 -0.20512311160564423 0.10917101055383682 -3.2053114319580283e-19 -0.23191264271736145 7.787122747532127e-19 -0.18875974416732788 -0.05046599730849266 0.021005909889936447 -0.02863539196550846 -0.0744645893573761 -0.1703219711780548 -0.16435524821281433 -0.057209160178899765 -0.23344102501869202 0.02191798761487007 -0.26725777983665466 -0.2662705183029175 -0.2750287353992462 0.2592032253742218 -0.15865932404994965 -0.09639137983322144 -0.1344395875930786 0.022981565445661545 -0.08656595647335052 0.19208630919456482 0.002221109112724662 -7.397163770406223e-09 0.003177917329594493 1.193844241242914e-06 -0.06254729628562927 0.043083880096673965 -0.14862355589866638 -0.11881854385137558 0.06171489879488945 0.06546171009540558 0.03795173019170761 -0.13025856018066406 0.14153076708316803 0.08144991844892502 0.1299368143081665 0.10781969875097275 -0.09844297915697098 0.1250147521495819 0.06425432860851288 0.12003980576992035 -0.1015859991312027 0.056077588349580765 0.08142413944005966 -0.11138907074928284 0.11397354304790497 -5.800319868853876e-08 -0.12248222529888153 -8.938639439293183e-06 0.13697132468223572 -0.07348513603210449 0.06950027495622635 0.2579989433288574 -0.08001728355884552 -0.1174740418791771 -0.17136706411838531 0.07294049113988876 0.13675644993782043 0.1217866837978363 -0.23365545272827148 -0.23320187628269196 0.137069970369339 -0.19573426246643066 0.2514978349208832 0.24802111089229584 0.14144347608089447 -0.24944548308849335 -0.21298252046108246 0.17192015051841736 -0.1463925987482071 6.758330874101492e-13 0.060992512851953506 1.3153692579592757e-09 0.10114356875419617 0.04866509139537811 -0.04907288774847984 0.23730579018592834 -0.07982666790485382 0.23960120975971222 -0.07576362788677216 0.13711103796958923 0.118770070374012 -0.19103692471981049 0.12496146559715271 -0.18923403322696686 0.19252558052539825 0.1577524095773697 -0.1295364946126938 -0.22377106547355652 -0.1987656056880951 -0.06261246651411057 0.0926603153347969 -0.13960812985897064 -0.2266799360513687 -2.546788700882787e-14 0.17675472795963287 6.452839189700437e-21 0.0818404108285904 0.08369223028421402 -0.07427120953798294 0.05680112913250923 -0.03421493619680405 -0.014391403645277023 0.014977590180933475 -0.13797320425510406 -0.05850030109286308 -0.15662631392478943 -0.02074810303747654 -0.11939295381307602 0.09453924745321274 0.0015170732513070107 0.08736900985240936 0.10112172365188599 0.11307698488235474 0.10081852972507477 0.08368290960788727 0.08749184757471085 0.11094977706670761 -6.319729156281433e-19 -0.1831301897764206 6.337907087171357e-14 0.1492113620042801 0.15068462491035461 -0.00868434738367796 0.24849218130111694 -0.07228568941354752 0.15942299365997314 -0.2354390174150467 0.06261464208364487 0.2556155025959015 0.18829476833343506 -0.1972050815820694 -0.1886005401611328 -0.05472167953848839 -0.12085966765880585 -0.23542363941669464 0.04034910351037979 -0.12401249259710312 0.1234872117638588 0.21457433700561523 0.05756163224577904 0.08627874404191971
b1 32
0.19690574705600739 0.28039252758026123 0.007166240829974413 0.026499425992369652 0.18592582643032074 0.25699999928474426 -0.07205317169427872 0.029346181079745293 0.21350455284118652 0.16234172880649567 0.21750105917453766 0.10361611098051071 0.10328442603349686 0.15820156037807465 0.1985713541507721 0.010949029587209225 -0.13698141276836395 0.1463594138622284 0.24457047879695892 0.05102907866239548 -0.03488397225737572 0.21831221878528595 -0.039709772914648056 -0.09870441257953644 -0.05587633699178696 0.04903263598680496 0.06939447671175003 0.15968820452690125 0.23655542731285095 -0.10629594326019287 -0.17646561563014984 0.2725232243537903
W2 1024
0.045368876308202744 0.14214380085468292 0.06534374505281448 -0.027366215363144875 -0.008025244809687138 0.21985825896263123 0.07440256327390671 -0.02414589375257492 0.157094344496727 0.10205172002315521 0.17612972855567932 0.20223556458950043 -0.0698700025677681 0.10763175785541534 0.21231642365455627 0.0995795950293541 0.0178989265114069 0.015135681256651878 0.1682235449552536 0.1155843660235405 -0.030058998614549637 0.16275881230831146 0.09031249582767487 0.059366460889577866 0.059791527688503265 -0.03431844338774681 -0.04927265644073486 -0.01659136451780796 -0.06215694919228554 -0.07740366458892822 0.017108293250203133 -0.004332805518060923 0.05336625874042511 -0.11514917761087418 -0.13058707118034363 -0.035407211631536484 -0.05002006143331528 -0.09989860653877258 -0.030703648924827576 -0.1307823807001114 -0.10127095133066177 0.04895715415477753 -0.15339404344558716 0.07400703430175781 -0.05447666347026825 -0.10781815648078918 0.04059014469385147 -0.054044924676418304 -0.09668253362178802 0.08411640673875809 -0.1619812399148941 0.06180842965841293 -0.1117982342839241 0.023228799924254417 -0.05172266438603401 0.0952722504734993 0.072996586561203 -0.12718936800956726 0.012150757946074009 0.10530856251716614 -0.09329205006361008 0.04718940705060959 -0.0582752488553524 0.041156403720378876 0.022835297510027885 0.040913283824920654 0.1590026617050171 0.09999938309192657 0.031995195895433426 0.1119777038693428 -0.05313588306307793 0.11914057284593582 0.1414896845817566 -0.08250793814659119 -0.044291023164987564 0.18643724918365479 0.057915277779102325 -0.06249148026108742 0.10321488231420517 0.10261755436658859 -0.1029704287648201 0.20923978090286255 0.23168432712554932 0.15251313149929047 -0.010959587059915066 0.169289231300354 0.19338814914226532 -0.11068873107433319 -0.03663869947195053 0.2501353919506073 0.21954584121704102 0.053247224539518356 0.043394215404987335 0.04321993142366409 -0.0784759446978569 -0.038640543818473816 0.2066054791212082 -0.0457129143178463 0.03457033634185791 0.13016414642333984 -0.009904785081744194 0.22170373797416687 -0.06787178665399551 -0.11580656468868256 0.0030049027409404516 -0.02156507410109043 0.05554647743701935 0.11787750571966171 0.0785612016916275 0.15277434885501862 0.19148142635822296 0.20320895314216614 0.06301948428153992 0.15978756546974182 0.08636212348937988 -0.021876007318496704 0.13701048493385315 0.14336372911930084 0.032092951238155365 -0.00649723457172513 0.012223083525896072 0.04644789919257164 0.18712449073791504 -0.11240958422422409 -0.009913955815136433 0.16398511826992035 0.031364526599645615 0.023247970268130302 -0.012296545319259167 0.04181027412414551 -0.1263350546360016 0.032672230154275894 -0.036169737577438354 -0.17956696450710297 -0.07563372701406479 0.28870686888694763 0.05876418948173523 0.030689405277371407 -0.11749917268753052 0.11525096744298935 -0.08704512566328049 0.06924151629209518 -0.003917329013347626 -0.04332106560468674 0.05536213517189026 -0.05828879401087761 0.02002062276005745 -0.15262101590633392 0.028951533138751984 0.022414272651076317 0.10132820904254913 0.039129409939050674 -0.0464191697537899 -0.18669414520263672 0.17826683819293976 0.17757387459278107 -0.015038255602121353 -0.16660714149475098 -0.025577908381819725 -0.12072774022817612 -0.017482547089457512 0.23200461268424988 0.20176666975021362 -0.03029237687587738 0.14342249929904938 -0.028565578162670135 -0.023750418797135353 -0.11906332522630692 0.21087440848350525 -0.08047259598970413 0.023514559492468834 0.09994032233953476 -0.08550477027893066 0.22494730353355408 0.04778672009706497 0.24479970335960388 0.04977790638804436 0.18425893783569336 0.06917644292116165 0.01880788616836071 0.007104567717760801 0.11348047107458115 0.048321422189474106 -0.030199753120541573 0.13883234560489655 0.11618717014789581 0.10777689516544342 -0.015603737905621529 0.12182407081127167 0.21691256761550903 0.0261918306350708 0.18254227936267853 0.08164194971323013 0.1988837867975235 0.13684825599193573 0.05711923912167549 0.022373806685209274 -0.026652175933122635 0.16291560232639313 0.20343150198459625 -0.006976259406656027 0.22901763021945953 0.10338518023490906 0.07193692028522491 0.08300118893384933 -0.10235988348722458 0.1994633823633194 0.1453857570886612 0.09090890735387802 -0.03133803978562355 -0.07839073240756989 0.23753248155117035 0.19020268321037292 0.09956604242324829 -0.05843839794397354 -0.11124683916568756 0.15511566400527954 -0.04081647843122482 0.12858787178993225 0.2103434056043625 0.1581484079360962 -0.051740121096372604 0.04271167516708374 0.20956648886203766 -0.026959620416164398 -0.05482076108455658 0.05914296209812164 -0.019530238583683968 -0.020312117412686348 -0.0033578858710825443 -0.028699876740574837 -0.018467038869857788 0.01359670702368021 -0.030777977779507637 -0.018976876512169838 -0.02877909503877163 -0.002654877956956625 0.09402956813573837 -0.02299090288579464 -0.004161285702139139 -0.010807565413415432 -0.007391797844320536 0.0001531620800960809 0.03681442514061928 -0.0012883396120741963 0.02741320990025997 0.06401272118091583 0.0006890216609463096 -0.006335389334708452 0.009060565382242203 0.06963174790143967 -0.04975211247801781 -0.028177134692668915 0.016414443030953407 0.06741056591272354 0.06515520066022873 0.010633864440023899 0.08776354789733887 -0.11319869756698608 0.027828216552734375 -0.0710127204656601 0.08535318821668625 -0.07952916622161865 0.003239972982555628 -0.1127600148320198 -0.1111317053437233 0.1245526522397995 0.0769331082701683 0.03984038531780243 0.049612272530794144 0.02033330872654915 -0.04056397080421448 -0.08712424337863922 0.11289935559034348 -0.049881722778081894 -0.01179204136133194 0.01586761698126793 -0.07089688628911972 0.031540948897600174 0.09254660457372665 -0.09122289717197418 0.027898816391825676 -0.12541510164737701 -0.0930165946483612 0.08167923986911774 0.08755046874284744 0.04107207432389259 -0.11004451662302017 0.16561904549598694 0.10547970980405807 -0.08455879241228104 0.023383894935250282 0.14704957604408264 0.09621470421552658 -0.046164680272340775 0.12272882461547852 -0.01703766919672489 -0.017176439985632896 -0.05885886028409004 0.2063952088356018 0.20227037370204926 -0.06764592230319977 0.2342623919248581 0.05425814166665077 0.004940148908644915 0.0303689893335104 -0.057019948959350586 0.22968602180480957 0.1289886087179184 -0.00739923445507884 0.11954770982265472 -7.362323231063783e-05 0.0789295956492424 -0.0015910513466224074 0.06782377511262894 0.18845711648464203 0.004484021104872227 0.12315279990434647 -0.06584503501653671 0.08858469128608704 0.19672039151191711 0.18078835308551788 -0.03419993072748184 -0.030161676928400993 0.20932696759700775 -0.05396374315023422 -0.005069564562290907 -0.05731142684817314 0.21808765828609467 0.04101531580090523 0.10579495131969452 -0.00694231828674674 0.013632613234221935 0.027584388852119446 0.1826440691947937 0.18938902020454407 0.1240113154053688 -0.05103543400764465 -0.05019257217645645 -0.06239660456776619 -0.013928885571658611 0.14643298089504242 -0.08961808681488037 -0.013185732997953892 0.06421814113855362 0.14150676131248474 0.16078808903694153 -0.017095789313316345 0.07000786066055298 0.1639057695865631 0.06714802980422974 0.07800252735614777 0.050765350461006165 0.0048624430783092976 0.0112481489777565 -0.04223049432039261 0.18544787168502808 0.16886156797409058 -0.05799770727753639 0.15515410900115967 0.12467798590660095 0.006392857059836388 0.07569967955350876 0.15285959839820862 -0.06407047808170319 0.1294926106929779 -0.06407236307859421 0.10190309584140778 -2.8538355763885193e-05 0.047526780515909195 0.18572619557380676 0.21786610782146454 0.1322001963853836 0.0630454495549202 -0.023310068994760513 -0.045031554996967316 -0.048917826265096664 0.1148093119263649 0.15953654050827026 0.10839606076478958 -0.049066219478845596 0.17662383615970612 0.13031674921512604 -0.001971186138689518 -0.1997457891702652 0.09170391410589218 0.03272458538413048 0.0827469751238823 0.032182976603507996 -0.00384086137637496 0.12676577270030975 -0.07673060894012451 -0.1279762089252472 -0.017336271703243256 -0.10059686005115509 0.04266634210944176 0.07603970915079117 -0.02936982363462448 0.0517466738820076 -0.09584111720323563 -0.07555265724658966 -0.026374179869890213 -0.08186118304729462 -0.14520446956157684 -0.07079358398914337 0.020813416689634323 -0.03175932168960571 0.05967383459210396 0.0426127091050148 0.05891532078385353 -0.17737887799739838 0.023005599156022072 -0.013362043537199497 -0.039980389177799225 -0.19658222794532776 -0.018061794340610504 -0.03591776266694069 -0.09783422201871872 -0.01790359430015087 0.021540507674217224 0.08136672526597977 0.0060687921941280365 -0.0047969939187169075 0.03767390549182892 -0.035887762904167175 -0.05774148926138878 0.11658551543951035 -0.036332566291093826 0.1039934754371643 0.010655772872269154 -0.11826632171869278 0.010722988285124302 -0.014172707684338093 0.12191329151391983 -0.07166071236133575 0.07420387119054794 0.01512147206813097 -0.03155641630291939 0.032039906829595566 -0.006087968125939369 0.03981897234916687 0.0042296820320189 0.004955192096531391 -0.0440361462533474 0.007732036057859659 -0.05700740963220596 0.002902429783716798 0.06025950610637665 -0.06766465306282043 -0.11427897214889526 -0.04983268678188324 -0.0021165008656680584 0.13404466211795807 -0.10946455597877502 -0.04159034788608551 0.057196229696273804 -5.2881478040944785e-06 -0.049998149275779724 -0.129056915640831 -0.1447536200284958 -0.07838713377714157 0.09009039402008057 -0.13374099135398865 0.07633572071790695 0.09094314277172089 -0.04301522672176361 -0.14611737430095673 -0.0675065889954567 0.010181969031691551 0.09874594211578369 0.0070371441543102264 0.041090209037065506 0.0780583992600441 0.04784410446882248 0.1147037222981453 -0.07919661700725555 0.13156963884830475 -0.0559539720416069 0.11736981570720673 -0.06646741926670074 -0.17165037989616394 -0.07554063946008682 0.10118988901376724 0.07462260872125626 -0.12778949737548828 0.09259063005447388 -0.07634107768535614 -0.11030024290084839 0.11165840923786163 -0.15748776495456696 -0.01722005568444729 -0.15178227424621582 0.045404817909002304 -0.16525988280773163 -0.0028129364363849163 0.09257784485816956 -0.021604148671030998 -0.07992158830165863 -0.05578245967626572 -0.1244979053735733 0.06509250402450562 0.026270130649209023 0.04112088307738304 0.10133425891399384 -0.12265770137310028 -0.11993178725242615 -0.08244957774877548 -0.0662950649857521 -0.1053769513964653 0.10225488245487213 -0.1276860386133194 0.031632717698812485 0.043359801173210144 0.011639343574643135 -0.01958945393562317 0.010741622187197208 -0.06747175008058548 -0.12733930349349976 -0.06686338782310486 -0.11155927926301956 -0.064945749938488 -0.09217076003551483 -0.06214305758476257 0.07590004801750183 -0.017890481278300285 -0.0357322096824646 0.06681563705205917 -0.003006915096193552 -0.07776396721601486 0.06295137852430344 0.002940190490335226 0.004765688441693783 -0.07419990003108978 0.06780795753002167 0.0669025108218193 -0.03068905882537365 -0.06741983443498611 -0.08840366452932358 -0.11696793138980865 -0.045785561203956604 0.05451615899801254 -0.01294669508934021 -0.0609271377325058 0.12326261401176453 -0.07639305293560028 0.1037946417927742 0.15696066617965698 0.21771684288978577 0.02074059098958969 0.06415045261383057 0.1518639624118805 -0.11551868915557861 0.17019718885421753 0.15966513752937317 0.03496961668133736 0.1310286521911621 0.13565701246261597 0.06412599235773087 0.21768000721931458 0.01955103874206543 -0.020568331703543663 0.007905393838882446 0.1320868283510208 0.03928341716527939 0.19745206832885742 0.19119051098823547 0.1701241433620453 -0.012888794764876366 0.08746854215860367 0.11146089434623718 -0.07730533927679062 -0.09873796999454498 0.17275527119636536 0.027418669313192368 0.11807193607091904 0.01085367426276207 -0.15250834822654724 -0.09502240270376205 -0.0589686781167984 0.118705153465271 -0.05078284814953804 -0.06795523315668106 -0.016854511573910713 -0.13596083223819733 -0.06997562199831009 -0.0288942139595747 0.12731683254241943 -0.09634765237569809 0.13072286546230316 -0.008436485193669796 -0.043830446898937225 0.050117481499910355 0.004299362655729055 -0.12703651189804077 -0.12350168079137802 0.022329101338982582 -0.0384383387863636 0.0794411450624466 0.073431596159935 0.10448653250932693 -0.020052585750818253 -0.033598434180021286 0.12426459789276123 0.008757141418755054 0.014518272131681442 -0.13286976516246796 -0.12234462052583694 -0.013540835119783878 0.17998570203781128 -0.017052089795470238 0.042974602431058884 0.05705321207642555 0.010925885289907455 0.07751329243183136 0.16060218214988708 0.0009222339140251279 0.13082657754421234 -0.03140527009963989 0.1637011021375656 -0.09154877066612244 0.19591866433620453 0.21522465348243713 0.19100415706634521 0.21536308526992798 0.0008860272937454283 0.020014068111777306 0.1062086820602417 0.053142450749874115 0.16505035758018494 0.05920080468058586 -0.0574825219810009 0.16899791359901428 0.07216113805770874 0.1764075607061386 -0.08783169090747833 -0.036111731082201004 -0.018494268879294395 0.09939850866794586 0.06445290893316269 -0.057694461196660995 0.129265695810318 0.19056415557861328 0.17377763986587524 0.07223449647426605 -0.04963076859712601 0.12985309958457947 0.009211666882038116 0.12265186011791229 -0.04138711467385292 0.13259533047676086 0.1346292346715927 0.16984672844409943 0.15311788022518158 0.0430501252412796 0.022106116637587547 -0.06292210519313812 -0.034588128328323364 0.152812659740448 0.2306801676750183 -0.012290732003748417 -0.05688280612230301 0.20147180557250977 -0.07607442885637283 -0.008662254549562931 0.19228817522525787 0.23776091635227203 0.1696223020553589 0.005584403872489929 -0.017530247569084167 0.19839580357074738 -0.07176424562931061 0.16526785492897034 -0.013877390883862972 0.16436266899108887 -0.00439821183681488 0.07825218886137009 -0.031808726489543915 0.08431453257799149 -0.004771412815898657 -0.0007698084809817374 -0.03011186607182026 0.12872964143753052 -0.004443307872861624 -0.086334727704525 0.054622337222099304 0.06860432773828506 0.1505543738603592 0.16320721805095673 0.010917086154222488 -0.05820462480187416 0.1164560616016388 -0.044637877494096756 0.12229880690574646 -0.03328114375472069 -0.06760192662477493 -0.01970357447862625 0.10464223474264145 0.12923918664455414 0.11228451132774353 -0.10874736309051514 0.1875663697719574 -0.019963528960943222 0.01770494505763054 0.012616671621799469 0.18022945523262024 0.21476276218891144 -0.09687238931655884 -0.06518004834651947 0.16520634293556213 -0.049381233751773834 0.06444194912910461 -0.03197071701288223 0.0875077098608017 0.12014597654342651 0.1414078176021576 -0.08667569607496262 0.20934003591537476 0.21162261068820953 -0.07489603012800217 0.0869307741522789 0.08186957985162735 -0.05523888021707535 0.04727946221828461 0.10116780549287796 0.11043023318052292 -0.012477337382733822 0.026242921128869057 0.1383318454027176 0.2078891396522522 -0.004076729528605938 0.20081128180027008 -0.019561251625418663 0.15396076440811157 -0.05547301098704338 0.046771153807640076 -0.005728051532059908 -0.11524060368537903 0.07230681926012039 0.04469959810376167 -0.016135182231664658 -0.13005942106246948 0.11348617821931839 0.02000446431338787 -0.03351668268442154 0.12966832518577576 -0.0013632739428430796 0.04987403750419617 -0.030515426769852638 -0.16214130818843842 0.06482651084661484 -0.03613756224513054 -0.0219123475253582 -0.1610923558473587 -0.12142057716846466 -0.10375100374221802 -0.0346403606235981 -0.16040654480457306 -0.1348385214805603 -0.00927202869206667 -0.1523786187171936 0.026491979137063026 -0.09375446289777756 0.04312113672494888 0.12753744423389435 -0.10034360736608505 -0.18052837252616882 0.09431467950344086 -0.06478278338909149 -0.06526680290699005 -0.031896207481622696 -0.0003156093298457563 0.05122818425297737 -0.036870893090963364 -0.05116812139749527 -0.0028356381226330996 0.02289515547454357 0.022528724744915962 0.10650283843278885 -0.017617207020521164 -0.015412086620926857 -0.00126689113676548 -0.008880449458956718 0.04232492670416832 -0.03238166123628616 -0.004760180599987507 -0.029984183609485626 0.06875298917293549 -0.004264181014150381 -0.022639505565166473 0.023067183792591095 0.02997974120080471 -6.115420546848327e-05 -0.028278028592467308 -0.02146964892745018 0.02300691418349743 -0.0029325305949896574 -0.062139082700014114 2.181341449751338e-19 -0.0048822578974068165 9.299632438342087e-06 0.03702324628829956 0.03625042364001274 -0.05486144870519638 0.06712944805622101 0.021952245384454727 0.006776214577257633 -0.10948703438043594 -0.14797496795654297 0.05854162946343422 -0.08401971310377121 -0.028688577935099602 0.03812503069639206 -0.1417534202337265 -0.06322329491376877 -0.018701644614338875 -0.1706010401248932 0.10989588499069214 0.12017010152339935 -0.1673600822687149 0.003928972873836756 0.11136037111282349 -0.06172250211238861 0.04705053195357323 -0.18771524727344513 0.06828642636537552 -0.048336487263441086 0.12206786870956421 -0.13974788784980774 0.012480505742132664 -0.07685384899377823 0.023300599306821823 -0.0356469601392746 0.04054000601172447 0.16851015388965607 -0.04130777716636658 0.17527756094932556 0.09915530681610107 -0.008255023509263992 0.09757310897111893 0.06564243137836456 -0.06501873582601547 0.04763352498412132 0.01998940110206604 0.004163107834756374 -0.07016592472791672 -0.03729770705103874 0.023937521502375603 -0.019121086224913597 -0.027196001261472702 -0.014862406998872757 0.09266304224729538 -0.003890558611601591 0.1437198370695114 0.15215061604976654 -0.055838022381067276 0.054334960877895355 0.08195421099662781 0.2060914784669876 0.05689528211951256 0.16211502254009247 -0.008893840946257114 0.07898098230361938 0.036743249744176865 0.011364060454070568 0.21098913252353668 -0.09026936441659927 -0.08545718342065811 0.0800057202577591 0.15722796320915222 0.2196096032857895 0.0071112010627985 0.018615812063217163 0.1463896483182907 0.17926718294620514 -0.04391949996352196 0.11477050185203552 0.11349126696586609 0.1663224846124649 0.10811672359704971 -0.045938361436128616 0.12292017042636871 -0.04921938106417656 0.23359796404838562 0.1739777773618698 -0.07990839332342148 0.092685267329216 0.20031559467315674 0.20236454904079437 0.06224501505494118 -0.041202910244464874 0.19947271049022675 -0.0338948592543602 0.14983032643795013 -0.020718136802315712 -0.06336940824985504 0.21110934019088745 0.10578738152980804 0.17232657968997955 0.21576136350631714 0.04229064658284187 -0.039773982018232346 -0.0772499144077301 0.11372491717338562 0.11259398609399796 0.018928460776805878 0.15127557516098022 0.1378309726715088 0.109227754175663 0.20798912644386292 0.19830837845802307 -0.018066979944705963 0.19354373216629028 -0.058684755116701126 0.013035767711699009 -0.0877460390329361 0.10271003842353821 0.20817813277244568 0.15793678164482117 0.14591839909553528 -0.05772754177451134 0.09231918305158615 0.007810357492417097 0.16464561223983765 -0.048358749598264694 0.10223893821239471 0.016877105459570885 0.03583827242255211 0.022800777107477188 -0.07192088663578033 0.2287522852420807 -0.07653769105672836 0.20096194744110107 -0.006877571810036898 0.2556939721107483 -0.03621682897210121 0.11757869273424149 -0.01517235767096281 0.20577125251293182 0.13706636428833008 0.052943140268325806 0.01652338355779648 0.06890594959259033 -0.057175107300281525 0.1835775524377823 0.030339315533638 0.020077897235751152 -0.02366979606449604 0.01265924796462059 0.11274756491184235 -0.015787530690431595 -0.08164038509130478 0.1134161576628685 0.007035395596176386 0.0256742462515831 0.05557778850197792 0.02224007062613964 0.07235043495893478 0.14180466532707214 0.057091325521469116 -0.03030693531036377 0.14339737594127655 -0.02465127222239971 0.21371501684188843 0.009128614328801632 0.013474028557538986 0.09394113719463348 0.1762559562921524 -0.10942984372377396 -0.0801207572221756 -0.06686991453170776 0.01088754739612341 -0.06374011188745499 0.182867169380188 0.04488672316074371 0.027258386835455894 0.012076142244040966 -0.03767089173197746 0.18421250581741333 0.009386768564581871 0.11553683876991272 -0.0412512831389904 0.04201133921742439 0.14440321922302246 -0.0374082550406456 -0.018496250733733177 -0.016105875372886658 0.10460114479064941 -0.07978804409503937 0.24184712767601013 0.2226499766111374 0.2107505053281784 0.17235766351222992 -0.06025748699903488 -0.06447660177946091 0.015798507258296013 0.08618704229593277 0.006848120130598545 -0.02826048992574215 0.20307819545269012 -0.11124706268310547 -0.08598509430885315 0.026669714599847794 0.005930804647505283 0.08969936519861221 -0.0267565306276083 0.010561768896877766 0.16067691147327423 0.04787788912653923 0.17821261286735535 0.24694792926311493 -0.03610103577375412 0.08769600838422775 0.04288462921977043 0.14322541654109955 -0.025553077459335327 0.04098505154252052 0.0068207536824047565 0.23201285302639008 -0.036606356501579285 -0.07204584032297134 0.15399478375911713 0.08610174804925919 -0.039363861083984375 0.16254399716854095
b2 32
0.17297853529453278 0.006059528794139624 0.10947202146053314 0.19735686480998993 0.015088249929249287 -0.003362159011885524 0.189631387591362 -0.104339599609375 -0.00950794480741024 0.031336814165115356 0.23847995698451996 0.03534052148461342 0.11210685968399048 -0.13777850568294525 -0.11810367554426193 0.059138182550668716 0.13833963871002197 0.1177060678601265 -0.051622115075588226 0.03280993178486824 0.16816310584545135 0.09502322226762772 0.10901269316673279 0.12779973447322845 -0.14803986251354218 0.09736625850200653 0.1337919384241104 0.2213701456785202 0.02289421297609806 0.056199610233306885 0.06868474185466766 0.20001567900180817
W3 32
0.08348491042852402 -0.12808045744895935 0.2479545772075653 0.24492967128753662 -0.4057735800743103 0.11631546169519424 0.2073771059513092 0.0025809125509113073 -0.004201120231300592 0.20644398033618927 0.08224925398826599 0.066658154129982 -0.07536163926124573 -0.04824788123369217 -0.10418523848056793 -0.11935079842805862 0.017853695899248123 0.2162896990776062 -0.15210258960723877 0.11529739201068878 0.08044656366109848 0.08231864869594574 0.19639131426811218 -0.0738280713558197 -0.06064388155937195 -0.09986012428998947 0.09150860458612442 0.13717955350875854 0.14708583056926727 0.1350547969341278 0.10859246551990509 0.11677385121583939
b3 1
-0.10931020975112915
feature_cols 24
t4_active t4_pm_min t4_pm_gap t4_pm_mean t4_pm_max t4_llr_abs_min t4_llr_abs_mean t4_llr_abs_max branch_0 branch_1 branch_2 branch_3 branch_4 branch_5 branch_6 branch_7 branch_8 branch_9 branch_10 branch_11 branch_12 branch_13 branch_14 branch_15
