128 32
0 1 2 3 4 5 6 7 8 9 10 11 12 13 14 15 16 17 18 19 20 21 22 23 24 25 26 27 28 29 30 31
10 3 12 5 22 31 16 25 18 27 20 29 14 7 8 1 26 19 28 21 6 15 0 9 2 11 4 13 30 23 24 17
8 31 26 13 28 11 14 25 0 23 18 5 20 3 6 17 24 15 10 29 12 27 30 9 16 7 2 21 4 19 22 1
27 18 1 8 7 14 29 20 19 26 9 0 15 6 21 28 11 2 17 24 23 30 13 4 3 10 25 16 31 22 5 12
31 0 1 30 27 4 5 26 23 8 9 22 19 12 13 18 15 16 17 14 11 20 21 10 7 24 25 6 3 28 29 2
28 7 14 21 24 3 10 17 4 31 22 13 0 27 18 9 12 23 30 5 8 19 26 1 20 15 6 29 16 11 2 25
4 15 2 9 24 19 30 21 12 7 10 1 16 27 22 29 20 31 18 25 8 3 14 5 28 23 26 17 0 11 6 13
25 26 31 28 13 14 11 8 17 18 23 20 5 6 3 0 9 10 15 12 29 30 27 24 1 2 7 4 21 22 19 16
20 15 30 5 24 3 18 9 12 23 6 29 0 27 10 17 4 31 14 21 8 19 2 25 28 7 22 13 16 11 26 1
7 2 25 28 3 6 29 24 31 26 1 4 27 30 5 0 23 18 9 12 19 22 13 8 15 10 17 20 11 14 21 16
18 21 24 31 30 25 20 19 10 13 0 7 6 1 12 11 2 5 8 15 14 9 4 3 26 29 16 23 22 17 28 27
2 23 12 25 30 11 16 5 26 15 20 1 6 19 8 29 18 7 28 9 14 27 0 21 10 31 4 17 22 3 24 13
31 30 1 0 27 26 5 4 23 22 9 8 19 18 13 12 15 14 17 16 11 10 21 20 7 6 25 24 3 2 29 28
21 12 31 6 9 16 3 26 13 20 7 30 17 8 27 2 5 28 15 22 25 0 19 10 29 4 23 14 1 24 11 18
28 17 2 15 0 13 30 19 20 25 10 7 8 5 22 27 12 1 18 31 16 29 14 3 4 9 26 23 24 21 6 11
28 15 2 17 16 3 14 29 20 7 10 25 24 11 6 21 12 31 18 1 0 19 30 13 4 23 26 9 8 27 22 5
3 2 13 12 15 14 1 0 11 10 5 4 7 6 9 8 19 18 29 28 31 30 17 16 27 26 21 20 23 22 25 24
17 18 31 28 5 6 11 8 25 26 23 20 13 14 3 0 1 2 15 12 21 22 27 24 9 10 7 4 29 30 19 16
21 16 27 30 17 20 31 26 13 8 3 6 9 12 7 2 5 0 11 14 1 4 15 10 29 24 19 22 25 28 23 18
28 25 2 7 16 21 14 11 20 17 10 15 24 29 6 3 12 9 18 23 0 5 30 27 4 1 26 31 8 13 22 19
1 14 15 0 13 2 3 12 25 22 23 24 21 26 27 20 17 30 31 16 29 18 19 28 9 6 7 8 5 10 11 4
23 4 17 2 19 0 21 6 15 28 9 26 11 24 13 30 7 20 1 18 3 16 5 22 31 12 25 10 27 8 29 14
13 8 23 18 1 4 27 30 21 16 15 10 25 28 3 6 29 24 7 2 17 20 11 14 5 0 31 26 9 12 19 22
11 26 13 28 7 22 1 16 3 18 5 20 15 30 9 24 27 10 29 12 23 6 17 0 19 2 21 4 31 14 25 8
1 24 23 14 13 20 27 2 25 0 15 22 21 12 3 26 17 8 7 30 29 4 11 18 9 16 31 6 5 28 19 10
10 31 16 5 6 19 28 9 2 23 24 13 14 27 20 1 26 15 0 21 22 3 12 25 18 7 8 29 30 11 4 17
0 1 26 27 12 13 22 23 8 9 18 19 4 5 30 31 16 17 10 11 28 29 6 7 24 25 2 3 20 21 14 15
3 16 17 2 23 4 5 22 27 8 9 26 15 28 29 14 19 0 1 18 7 20 21 6 11 24 25 10 31 12 13 30
1 18 3 16 21 6 23 4 25 10 27 8 13 30 15 28 17 2 19 0 5 22 7 20 9 26 11 24 29 14 31 12
14 27 16 5 26 15 4 17 22 3 8 29 2 23 28 9 30 11 0 21 10 31 20 1 6 19 24 13 18 7 12 25
10 31 24 13 30 11 12 25 18 7 0 21 6 19 20 1 26 15 8 29 14 27 28 9 2 23 16 5 22 3 4 17
24 29 10 15 12 9 30 27 0 5 18 23 20 17 6 3 8 13 26 31 28 25 14 11 16 21 2 7 4 1 22 19
27 12 21 2 23 0 25 14 3 20 13 26 15 24 1 22 11 28 5 18 7 16 9 30 19 4 29 10 31 8 17 6
10 25 16 3 6 21 28 15 2 17 24 11 14 29 20 7 26 9 0 19 22 5 12 31 18 1 8 27 30 13 4 23
27 24 1 2 31 28 5 6 3 0 25 26 7 4 29 30 11 8 17 18 15 12 21 22 19 16 9 10 23 20 13 14
10 17 8 19 6 29 4 31 18 9 16 11 30 5 28 7 26 1 24 3 22 13 20 15 2 25 0 27 14 21 12 23
26 9 20 7 6 21 8 27 2 17 12 31 30 13 16 3 10 25 4 23 22 5 24 11 18 1 28 15 14 29 0 19
1 30 3 28 13 18 15 16 9 22 11 20 5 26 7 24 17 14 19 12 29 2 31 0 25 6 27 4 21 10 23 8
25 16 7 14 13 4 19 26 1 8 31 22 21 28 11 2 9 0 23 30 29 20 3 10 17 24 15 6 5 12 27 18
0 27 18 9 12 23 30 5 8 19 26 1 4 31 22 13 16 11 2 25 28 7 14 21 24 3 10 17 20 15 6 29
2 15 28 17 14 3 16 29 10 7 20 25 6 11 24 21 18 31 12 1 30 19 0 13 26 23 4 9 22 27 8 5
18 27 16 25 14 7 12 5 26 19 24 17 6 15 4 13 2 11 0 9 30 23 28 21 10 3 8 1 22 31 20 29
17 30 15 0 13 2 19 28 25 22 7 8 5 10 27 20 1 14 31 16 29 18 3 12 9 6 23 24 21 26 11 4
22 23 24 25 2 3 12 13 30 31 16 17 10 11 4 5 6 7 8 9 18 19 28 29 14 15 0 1 26 27 20 21
22 23 12 13 18 19 8 9 30 31 4 5 26 27 0 1 6 7 28 29 2 3 24 25 14 15 20 21 10 11 16 17
4 27 26 5 16 15 14 17 12 19 18 13 24 7 6 25 20 11 10 21 0 31 30 1 28 3 2 29 8 23 22 9
8 29 26 15 12 25 30 11 0 21 18 7 4 17 22 3 24 13 10 31 28 9 14 27 16 5 2 23 20 1 6 19
19 26 25 16 23 30 29 20 27 18 17 24 31 22 21 28 3 10 9 0 7 14 13 4 11 2 1 8 15 6 5 12
17 16 3 2 21 20 7 6 25 24 11 10 29 28 15 14 1 0 19 18 5 4 23 22 9 8 27 26 13 12 31 30
27 16 29 22 23 28 17 26 3 8 5 14 15 4 9 2 11 0 13 6 7 12 1 10 19 24 21 30 31 20 25 18
21 16 11 14 17 20 15 10 13 8 19 22 9 12 23 18 5 0 27 30 1 4 31 26 29 24 3 6 25 28 7 2
0 27 30 5 4 31 26 1 8 19 22 13 12 23 18 9 16 11 14 21 20 15 10 17 24 3 6 29 28 7 2 25
15 0 29 18 3 12 17 30 7 8 21 26 11 4 25 22 31 16 13 2 19 28 1 14 23 24 5 10 27 20 9 6
3 24 9 18 15 20 5 30 11 16 1 26 7 28 13 22 19 8 25 2 31 4 21 14 27 0 17 10 23 12 29 6
4 7 18 17 24 27 14 13 28 31 10 9 0 3 22 21 20 23 2 1 8 11 30 29 12 15 26 25 16 19 6 5
19 20 21 18 7 0 1 6 11 12 13 10 31 24 25 30 3 4 5 2 23 16 17 22 27 28 29 26 15 8 9 14
31 14 9 24 19 2 5 20 7 22 17 0 11 26 29 12 15 30 25 8 3 18 21 4 23 6 1 16 27 10 13 28
24 1 14 23 28 5 10 19 0 25 22 15 4 29 18 11 8 17 30 7 12 21 26 3 16 9 6 31 20 13 2 27
6 9 28 19 26 21 0 15 30 17 4 11 2 13 24 23 22 25 12 3 10 5 16 31 14 1 20 27 18 29 8 7
1 26 19 8 13 22 31 4 9 18 27 0 5 30 23 12 17 10 3 24 29 6 15 20 25 2 11 16 21 14 7 28
17 28 15 2 29 16 3 14 25 20 7 10 21 24 11 6 1 12 31 18 13 0 19 30 9 4 23 26 5 8 27 22
25 2 3 24 5 30 31 4 17 10 11 16 13 22 23 12 9 18 19 8 21 14 15 20 1 26 27 0 29 6 7 28
7 30 5 28 27 2 25 0 31 6 29 4 3 26 1 24 23 14 21 12 11 18 9 16 15 22 13 20 19 10 17 8
11 10 29 28 15 14 25 24 3 2 21 20 7 6 17 16 27 26 13 12 31 30 9 8 19 18 5 4 23 22 1 0
4 3 2 5 0 7 6 1 28 27 26 29 24 31 30 25 20 19 18 21 16 23 22 17 12 11 10 13 8 15 14 9
25 6 23 8 29 2 19 12 17 14 31 0 21 10 27 4 9 22 7 24 13 18 3 28 1 30 15 16 5 26 11 20
30 1 8 23 18 13 4 27 22 9 0 31 26 5 12 19 14 17 24 7 2 29 20 11 6 25 16 15 10 21 28 3
2 9 0 11 30 21 28 23 26 17 24 19 6 13 4 15 18 25 16 27 14 5 12 7 10 1 8 3 22 29 20 31
4 1 18 23 8 13 30 27 28 25 10 15 16 21 6 3 20 17 2 7 24 29 14 11 12 9 26 31 0 5 22 19
20 27 2 13 24 23 14 1 28 19 10 5 16 31 6 9 4 11 18 29 8 7 30 17 12 3 26 21 0 15 22 25
9 26 3 16 21 6 31 12 17 2 27 8 13 30 7 20 25 10 19 0 5 22 15 28 1 18 11 24 29 14 23 4
6 15 4 13 18 27 16 25 14 7 12 5 26 19 24 17 22 31 20 29 2 11 0 9 30 23 28 21 10 3 8 1
30 31 12 13 10 11 24 25 22 23 4 5 2 3 16 17 14 15 28 29 26 27 8 9 6 7 20 21 18 19 0 1
21 14 27 0 9 18 7 28 29 6 19 8 1 26 15 20 5 30 11 16 25 2 23 12 13 22 3 24 17 10 31 4
23 12 5 30 3 24 17 10 15 20 29 6 27 0 9 18 7 28 21 14 19 8 1 26 31 4 13 22 11 16 25 2
13 0 7 10 9 4 3 14 21 24 31 18 17 28 27 22 29 16 23 26 25 20 19 30 5 8 15 2 1 12 11 6
13 18 23 8 9 22 19 12 21 10 15 16 17 14 11 20 29 2 7 24 25 6 3 28 5 26 31 0 1 30 27 4
7 2 21 16 3 6 17 20 15 10 29 24 11 14 25 28 23 18 5 0 19 22 1 4 31 26 13 8 27 30 9 12
0 11 22 29 4 15 18 25 8 3 30 21 12 7 26 17 16 27 6 13 20 31 2 9 24 19 14 5 28 23 10 1
17 4 23 2 13 24 11 30 25 12 31 10 5 16 3 22 1 20 7 18 29 8 27 14 9 28 15 26 21 0 19 6
31 22 25 16 3 10 5 12 23 30 17 24 11 2 13 4 15 6 9 0 19 26 21 28 7 14 1 8 27 18 29 20
30 25 8 15 18 21 4 3 22 17 0 7 26 29 12 11 14 9 24 31 2 5 20 19 6 1 16 23 10 13 28 27
9 24 31 14 5 20 19 2 1 16 23 6 13 28 27 10 25 8 15 30 21 4 3 18 17 0 7 22 29 12 11 26
17 6 19 4 13 26 15 24 25 14 27 12 5 18 7 16 1 22 3 20 29 10 31 8 9 30 11 28 21 2 23 0
8 9 18 19 4 5 30 31 0 1 26 27 12 13 22 23 24 25 2 3 20 21 14 15 16 17 10 11 28 29 6 7
9 0 15 6 13 4 11 2 17 24 23 30 21 28 19 26 25 16 31 22 29 20 27 18 1 8 7 14 5 12 3 10
0 27 2 25 28 7 30 5 8 19 10 17 20 15 22 13 16 11 18 9 12 23 14 21 24 3 26 1 4 31 6 29
7 24 25 6 19 12 13 18 15 16 17 14 27 4 5 26 23 8 9 22 3 28 29 2 31 0 1 30 11 20 21 10
13 10 15 8 25 30 27 28 5 2 7 0 17 22 19 20 29 26 31 24 9 14 11 12 21 18 23 16 1 6 3 4
1 12 19 30 21 24 7 10 25 20 11 6 13 0 31 18 17 28 3 14 5 8 23 26 9 4 27 22 29 16 15 2
18 3 4 21 22 7 0 17 10 27 28 13 14 31 24 9 2 19 20 5 6 23 16 1 26 11 12 29 30 15 8 25
14 25 0 23 18 5 28 11 6 17 8 31 26 13 20 3 30 9 16 7 2 21 12 27 22 1 24 15 10 29 4 19
29 8 31 10 25 12 27 14 21 0 23 2 17 4 19 6 13 24 15 26 9 28 11 30 5 16 7 18 1 20 3 22
6 9 0 15 26 21 28 19 30 17 24 23 2 13 4 11 22 25 16 31 10 5 12 3 14 1 8 7 18 29 20 27
30 3 8 21 2 31 20 9 6 27 16 13 26 7 12 17 14 19 24 5 18 15 4 25 22 11 0 29 10 23 28 1
3 8 5 14 7 12 1 10 11 0 13 6 15 4 9 2 19 24 21 30 23 28 17 26 27 16 29 22 31 20 25 18
7 24 17 14 19 12 5 26 15 16 25 6 27 4 13 18 23 8 1 30 3 28 21 10 31 0 9 22 11 20 29 2
13 0 7 10 17 28 27 22 21 24 31 18 9 4 3 14 29 16 23 26 1 12 11 6 5 8 15 2 25 20 19 30
8 9 22 23 20 21 10 11 16 17 14 15 12 13 18 19 24 25 6 7 4 5 26 27 0 1 30 31 28 29 2 3
17 16 27 26 13 12 7 6 25 24 19 18 5 4 15 14 1 0 11 10 29 28 23 22 9 8 3 2 21 20 31 30
10 15 28 25 6 3 16 21 2 7 20 17 14 11 24 29 26 31 12 9 22 19 0 5 18 23 4 1 30 27 8 13
27 22 13 0 23 26 1 12 3 14 21 24 15 2 25 20 11 6 29 16 7 10 17 28 19 30 5 8 31 18 9 4
12 5 18 27 0 9 30 23 4 13 26 19 8 1 22 31 28 21 2 11 16 25 14 7 20 29 10 3 24 17 6 15
31 30 29 28 19 18 17 16 7 6 5 4 11 10 9 8 15 14 13 12 3 2 1 0 23 22 21 20 27 26 25 24
1 18 3 16 13 30 15 28 25 10 27 8 21 6 23 4 17 2 19 0 29 14 31 12 9 26 11 24 5 22 7 20
19 22 17 20 7 2 5 0 11 14 9 12 31 26 29 24 3 6 1 4 23 18 21 16 27 30 25 28 15 10 13 8
30 19 20 25 10 7 0 13 22 27 28 17 2 15 8 5 14 3 4 9 26 23 16 29 6 11 12 1 18 31 24 21
30 17 16 31 18 29 28 19 22 25 24 23 26 21 20 27 14 1 0 15 2 13 12 3 6 9 8 7 10 5 4 11
6 23 24 9 10 27 20 5 30 15 0 17 18 3 12 29 22 7 8 25 26 11 4 21 14 31 16 1 2 19 28 13
0 31 18 13 4 27 22 9 24 7 10 21 28 3 14 17 16 15 2 29 20 11 6 25 8 23 26 5 12 19 30 1
28 3 2 29 24 7 6 25 4 27 26 5 0 31 30 1 12 19 18 13 8 23 22 9 20 11 10 21 16 15 14 17
7 0 29 26 27 28 1 6 31 24 5 2 3 4 25 30 23 16 13 10 11 12 17 22 15 8 21 18 19 20 9 14
7 14 1 8 11 2 13 4 31 22 25 16 19 26 21 28 23 30 17 24 27 18 29 20 15 6 9 0 3 10 5 12
27 20 1 14 15 0 21 26 19 28 9 6 7 8 29 18 11 4 17 30 31 16 5 10 3 12 25 22 23 24 13 2
27 18 21 28 15 6 1 8 3 10 13 4 23 30 25 16 11 2 5 12 31 22 17 24 19 26 29 20 7 14 9 0
25 14 27 12 29 10 31 8 17 6 19 4 21 2 23 0 9 30 11 28 13 26 15 24 1 22 3 20 5 18 7 16
6 1 12 11 26 29 16 23 30 25 20 19 2 5 8 15 22 17 28 27 10 13 0 7 14 9 4 3 18 21 24 31
27 12 25 14 31 8 29 10 19 4 17 6 23 0 21 2 11 28 9 30 15 24 13 26 3 20 1 22 7 16 5 18
0 7 26 29 20 19 14 9 24 31 2 5 12 11 22 17 16 23 10 13 4 3 30 25 8 15 18 21 28 27 6 1
1 10 31 20 21 30 11 0 25 18 7 12 13 6 19 24 17 26 15 4 5 14 27 16 9 2 23 28 29 22 3 8
10 3 12 5 6 15 0 9 18 27 20 29 30 23 24 17 26 19 28 21 22 31 16 25 2 11 4 13 14 7 8 1
11 0 5 14 31 20 17 26 3 8 13 6 23 28 25 18 27 16 21 30 15 4 1 10 19 24 29 22 7 12 9 2
9 14 23 16 5 2 27 28 1 6 31 24 13 10 19 20 25 30 7 0 21 18 11 12 17 22 15 8 29 26 3 4
3 14 29 16 15 2 17 28 27 22 5 8 23 26 9 4 19 30 13 0 31 18 1 12 11 6 21 24 7 10 25 20
30 19 20 25 26 23 16 29 22 27 28 17 18 31 24 21 14 3 4 9 10 7 0 13 6 11 12 1 2 15 8 5
12 25 6 19 24 13 18 7 4 17 14 27 16 5 26 15 28 9 22 3 8 29 2 23 20 1 30 11 0 21 10 31
30 15 16 1 18 3 28 13 22 7 24 9 26 11 20 5 14 31 0 17 2 19 12 29 6 23 8 25 10 27 4 21
11 20 17 14 31 0 5 26 3 28 25 6 23 8 13 18 27 4 1 30 15 16 21 10 19 12 9 22 7 24 29 2
